Distance: 					751,83					1168815,08
0 0: 21,25					21,25					25,75
0 1: 1,88					0,97					0,97
0 2: 1,00					1,00					1,00
0 3: 4,00					5,00					5,00
0 4: 0,76					0,55					0,55
0 5: 0,00					0,00					0,00
0 6: 1,75					1,62					1,53
0 7: 2,62					1,72					0,72
0 8: 0,00					0,94					0,94
0 9: 0,00					2,00					2,00
1 0: 3,00					0,00					0,00
1 1: 3,00					0,00					0,00
1 2: 1,00					1,00					0,75
1 3: 1,00					1,00					0,75
1 4: 0,00					0,00					1,00
1 5: 0,00					0,00					1,00
1 6: 5,00					5,00					5,00
1 7: 7,00					8,00					8,00
1 8: 7,00					7,00					7,00
1 9: 10,00					12,00					12,00
1 10: 67,00					65,00					64,88
1 11: 6,29					5,71					5,59
1 12: 60,71					59,29					59,29
1 13: 60,00					58,00					57,88
2 0: 0,00					0,00					1,00
2 1: 3,00					3,00					3,00
2 2: 1,00					1,00					1,00
2 3: 1,00					1,00					1,00
2 4: 0,00					0,00					0,00
2 5: 0,00					0,00					0,00
2 6: 4,00					4,00					3,00
2 7: 8,00					8,00					9,00
2 8: 7,00					7,00					8,00
2 9: 12,00					12,00					12,00
2 10: 52,25					52,25					52,42
2 11: 5,25					5,25					5,42
2 12: 47,00					47,00					47,00
2 13: 45,25					45,25					45,42
3 0: 36,00					60,00					48,00
3 1: -24,00					-24,00					24,00
3 2: 12,00					12,00					0,00
3 3: 3,00					3,00					2,25
3 4: 9,00					9,00					12,00
3 5: 0,00					0,00					0,00
3 6: 600,00					600,00					900,00
3 7: 3,75					3,75					3,00
3 8: 2,25					3,00					2,25
3 9: 0,00					0,00					0,00
3 10: 0,00					0,00					0,00
3 11: 2,25					1,50					0,75
3 12: 93,75					93,75					150,00
3 13: 37,50					45,00					60,00
3 14: 60,00					60,00					52,50
4 0: 8,00					8,00					12,00
4 1: -8,00					-8,00					-4,00
4 2: 4,00					4,00					4,00
4 3: 2,67					2,67					2,67
4 4: 2,00					2,00					2,00
4 5: 4,00					4,00					4,00
4 6: 266,67					266,67					533,33
4 7: 2,67					2,67					0,00
4 8: 0,00					0,00					1,33
4 9: 0,00					0,00					0,00
4 10: 0,00					0,00					0,00
4 11: 0,00					0,00					0,00
4 12: 33,33					33,33					66,67
4 13: 0,00					0,00					0,00
4 14: 40,00					40,00					40,00
5 0: 16,53					16,66					16,23
5 1: 0,00					0,00					-0,64
5 2: 6,03					4,87					5,38
5 3: 0,13					0,14					0,15
5 4: 0,52					0,59					0,58
5 5: 0,00					0,00					0,00
5 6: 6,94					5,30					3,86
5 7: 0,01					0,01					0,01
5 8: 0,29					0,29					0,30
5 9: 1,62					1,68					1,21
5 10: 0,44					2,21					6,43
5 11: 0,19					0,18					0,19
5 12: 4,70					4,72					5,64
5 13: 4,67					4,60					4,66
5 14: 2,38					2,39					2,38
6 0: 16,00					16,00					16,00
6 1: 8,00					8,00					12,00
6 2: 16,00					12,00					8,00
6 3: 4,00					4,00					4,00
6 4: 4,00					8,00					8,00
6 5: 12,00					16,00					12,00
6 6: 8,00					4,00					8,00
6 7: 0,94					0,71					0,71
6 8: 8,00					10,40					10,40
6 9: 0,00					0,00					0,00
6 10: 4,00					4,00					4,00
6 11: 18,59					17,88					17,88
6 12: 0,00					0,00					0,00
7 0: 0,00					0,00					0,00
7 1: 0,00					0,00					0,00
7 2: 4,00					4,00					4,00
7 3: 4,00					4,00					4,00
7 4: 4,00					4,00					4,00
7 5: 4,00					4,00					4,00
7 6: 0,00					0,00					0,00
7 7: 0,00					0,00					0,00
7 8: 16,00					16,00					16,00
7 9: 0,00					0,00					0,00
7 10: 4,00					4,00					4,00
7 11: 12,00					12,00					12,00
7 12: 0,00					0,00					1000,00
