Distance: 					410,46					1095816,91
0 0: 21,25					21,25					21,25
0 1: 1,88					1,24					1,24
0 2: 1,00					1,00					1,00
0 3: 4,00					3,00					3,00
0 4: 0,76					0,34					0,34
0 5: 0,00					0,00					0,00
0 6: 1,75					1,69					1,69
0 7: 2,62					2,55					2,55
0 8: 0,00					0,59					0,59
0 9: 0,00					1,50					1,50
1 0: 3,00					3,00					2,00
1 1: 3,00					3,00					2,00
1 2: 1,00					1,00					1,00
1 3: 1,00					1,00					1,00
1 4: 0,00					0,00					0,00
1 5: 0,00					0,00					0,00
1 6: 5,00					5,00					5,00
1 7: 7,00					7,00					7,00
1 8: 7,00					7,00					7,00
1 9: 10,00					10,00					13,00
1 10: 67,00					66,47					79,06
1 11: 6,29					6,47					6,35
1 12: 60,71					60,00					72,71
1 13: 60,00					59,47					72,06
2 0: 0,00					10,00					9,00
2 1: 3,00					2,00					2,00
2 2: 1,00					1,00					1,00
2 3: 1,00					1,00					1,00
2 4: 0,00					0,00					0,00
2 5: 0,00					0,00					0,00
2 6: 4,00					4,00					2,00
2 7: 8,00					8,00					10,00
2 8: 7,00					7,00					9,00
2 9: 12,00					12,00					16,00
2 10: 52,25					50,75					51,58
2 11: 5,25					4,75					4,58
2 12: 47,00					46,00					47,00
2 13: 45,25					43,75					44,58
3 0: 36,00					48,00					132,00
3 1: -24,00					-24,00					0,00
3 2: 12,00					12,00					12,00
3 3: 3,00					3,00					3,00
3 4: 9,00					9,00					9,00
3 5: 0,00					0,00					0,00
3 6: 600,00					600,00					450,00
3 7: 3,75					2,25					2,25
3 8: 2,25					3,75					2,25
3 9: 0,00					0,00					0,00
3 10: 0,00					0,00					75,00
3 11: 2,25					2,25					3,00
3 12: 93,75					93,75					112,50
3 13: 37,50					45,00					37,50
3 14: 60,00					52,50					52,50
4 0: 8,00					8,00					8,00
4 1: -8,00					-8,00					-8,00
4 2: 4,00					4,00					4,00
4 3: 2,67					2,67					2,67
4 4: 2,00					2,00					2,00
4 5: 4,00					4,00					4,00
4 6: 266,67					266,67					266,67
4 7: 2,67					2,67					1,33
4 8: 0,00					0,00					0,00
4 9: 0,00					0,00					0,00
4 10: 0,00					0,00					0,00
4 11: 0,00					0,00					0,00
4 12: 33,33					33,33					66,67
4 13: 0,00					0,00					0,00
4 14: 40,00					40,00					40,00
5 0: 16,53					16,75					27,43
5 1: 0,00					0,00					0,00
5 2: 6,03					5,19					6,07
5 3: 0,13					0,14					0,14
5 4: 0,52					0,58					0,54
5 5: 0,00					0,00					0,00
5 6: 6,94					4,85					4,41
5 7: 0,01					0,00					0,00
5 8: 0,29					0,30					0,26
5 9: 1,62					1,71					1,36
5 10: 0,44					0,71					2,89
5 11: 0,19					0,18					0,19
5 12: 4,70					4,35					6,22
5 13: 4,67					4,71					4,63
5 14: 2,38					2,27					2,31
6 0: 16,00					16,00					16,00
6 1: 8,00					8,00					20,00
6 2: 16,00					16,00					8,00
6 3: 4,00					4,00					0,00
6 4: 4,00					4,00					8,00
6 5: 12,00					12,00					12,00
6 6: 8,00					8,00					4,00
6 7: 0,94					0,94					0,94
6 8: 8,00					8,00					8,00
6 9: 0,00					0,00					0,00
6 10: 4,00					4,00					0,00
6 11: 18,59					18,35					22,35
6 12: 0,00					0,00					235,29
7 0: 0,00					0,00					0,00
7 1: 0,00					4,00					4,00
7 2: 4,00					4,00					4,00
7 3: 4,00					4,00					4,00
7 4: 4,00					4,00					4,00
7 5: 4,00					0,00					0,00
7 6: 0,00					0,00					0,00
7 7: 0,00					0,00					0,00
7 8: 16,00					16,00					16,00
7 9: 0,00					0,00					0,00
7 10: 4,00					4,00					4,00
7 11: 12,00					12,00					12,00
7 12: 0,00					0,00					1000,00
