Distance: 					325,89					1169778,50
0 0: 21,25					21,25					21,25
0 1: 1,88					1,29					1,29
0 2: 1,00					1,00					1,00
0 3: 4,00					4,50					4,50
0 4: 0,76					0,53					0,53
0 5: 0,00					0,00					0,00
0 6: 1,75					1,66					1,66
0 7: 2,62					1,92					1,92
0 8: 0,00					0,56					0,56
0 9: 0,00					1,50					1,50
1 0: 3,00					3,00					3,00
1 1: 3,00					3,00					3,00
1 2: 1,00					1,00					0,75
1 3: 1,00					1,00					0,60
1 4: 0,00					0,00					1,00
1 5: 0,00					0,00					2,00
1 6: 5,00					7,00					6,00
1 7: 7,00					7,00					8,00
1 8: 7,00					7,00					7,00
1 9: 10,00					10,00					12,00
1 10: 67,00					65,41					65,41
1 11: 6,29					5,41					6,12
1 12: 60,71					60,00					59,29
1 13: 60,00					58,41					58,41
2 0: 0,00					0,00					8,00
2 1: 3,00					3,00					-4,00
2 2: 1,00					1,00					0,67
2 3: 1,00					1,00					0,67
2 4: 0,00					0,00					4,00
2 5: 0,00					0,00					4,00
2 6: 4,00					4,00					2,00
2 7: 8,00					8,00					9,00
2 8: 7,00					7,00					9,00
2 9: 12,00					12,00					14,00
2 10: 52,25					52,25					41,08
2 11: 5,25					5,25					5,08
2 12: 47,00					47,00					36,00
2 13: 45,25					45,25					34,08
3 0: 36,00					48,00					108,00
3 1: -24,00					-24,00					0,00
3 2: 12,00					12,00					24,00
3 3: 3,00					3,00					3,00
3 4: 9,00					9,00					6,00
3 5: 0,00					0,00					0,00
3 6: 600,00					600,00					300,00
3 7: 3,75					3,00					1,50
3 8: 2,25					3,75					3,75
3 9: 0,00					0,00					7,50
3 10: 0,00					0,00					0,00
3 11: 2,25					1,50					3,00
3 12: 93,75					93,75					75,00
3 13: 37,50					45,00					45,00
3 14: 60,00					60,00					45,00
4 0: 8,00					8,00					8,00
4 1: -8,00					-8,00					-4,00
4 2: 4,00					4,00					4,00
4 3: 2,67					2,67					2,67
4 4: 2,00					2,00					2,00
4 5: 4,00					4,00					4,00
4 6: 266,67					266,67					533,33
4 7: 2,67					2,67					1,33
4 8: 0,00					0,00					0,00
4 9: 0,00					0,00					0,00
4 10: 0,00					0,00					0,00
4 11: 0,00					0,00					0,00
4 12: 33,33					33,33					66,67
4 13: 0,00					0,00					0,00
4 14: 40,00					40,00					40,00
5 0: 16,53					16,56					27,45
5 1: 0,00					0,00					0,00
5 2: 6,03					6,18					6,07
5 3: 0,13					0,14					0,14
5 4: 0,52					0,52					0,53
5 5: 0,00					0,00					0,00
5 6: 6,94					4,38					4,38
5 7: 0,01					0,02					0,01
5 8: 0,29					0,30					0,25
5 9: 1,62					1,67					1,05
5 10: 0,44					1,47					3,39
5 11: 0,19					0,18					0,16
5 12: 4,70					4,76					8,28
5 13: 4,67					4,65					4,65
5 14: 2,38					2,51					2,50
6 0: 16,00					12,00					8,00
6 1: 8,00					8,00					8,00
6 2: 16,00					12,00					20,00
6 3: 4,00					8,00					8,00
6 4: 4,00					8,00					8,00
6 5: 12,00					12,00					4,00
6 6: 8,00					8,00					12,00
6 7: 0,94					0,71					0,71
6 8: 8,00					14,00					10,40
6 9: 0,00					0,00					0,00
6 10: 4,00					4,00					0,00
6 11: 18,59					17,88					17,88
6 12: 0,00					0,00					0,00
7 0: 0,00					0,00					0,00
7 1: 0,00					0,00					0,00
7 2: 4,00					4,00					4,00
7 3: 4,00					4,00					4,00
7 4: 4,00					4,00					4,00
7 5: 4,00					4,00					4,00
7 6: 0,00					0,00					0,00
7 7: 0,00					0,00					0,00
7 8: 16,00					16,00					16,00
7 9: 0,00					0,00					0,00
7 10: 4,00					4,00					4,00
7 11: 12,00					12,00					8,00
7 12: 0,00					0,00					1000,00
