Distance: 					339,34					9004925,33
0 0: 21,25					21,25					18,02
0 1: 1,88					1,18					1,18
0 2: 1,00					0,50					0,50
0 3: 4,00					3,00					3,00
0 4: 0,76					0,34					0,34
0 5: 0,00					0,00					0,00
0 6: 1,75					1,78					1,78
0 7: 2,62					2,75					2,75
0 8: 0,00					0,72					0,72
0 9: 0,00					3,00					3,00
1 0: 3,00					0,00					10,00
1 1: 3,00					0,00					-2,00
1 2: 1,00					1,00					0,60
1 3: 1,00					1,00					0,60
1 4: 0,00					0,00					2,00
1 5: 0,00					0,00					2,00
1 6: 5,00					6,00					6,00
1 7: 7,00					6,00					6,00
1 8: 7,00					6,00					6,00
1 9: 10,00					8,00					8,00
1 10: 67,00					65,71					65,71
1 11: 6,29					5,71					5,71
1 12: 60,71					60,00					60,00
1 13: 60,00					58,71					58,71
2 0: 0,00					0,00					6,00
2 1: 3,00					3,00					-6,00
2 2: 1,00					1,00					0,50
2 3: 1,00					1,00					0,67
2 4: 0,00					0,00					4,00
2 5: 0,00					0,00					4,00
2 6: 4,00					4,00					1,00
2 7: 8,00					8,00					11,00
2 8: 7,00					7,00					9,00
2 9: 12,00					12,00					17,00
2 10: 52,25					52,25					54,92
2 11: 5,25					5,25					4,92
2 12: 47,00					47,00					50,00
2 13: 45,25					45,25					47,92
3 0: 36,00					48,00					48,00
3 1: -24,00					-24,00					0,00
3 2: 12,00					12,00					12,00
3 3: 3,00					3,00					3,00
3 4: 9,00					9,00					9,00
3 5: 0,00					0,00					0,00
3 6: 600,00					600,00					600,00
3 7: 3,75					2,25					0,75
3 8: 2,25					3,75					3,75
3 9: 0,00					0,00					0,00
3 10: 0,00					0,00					0,00
3 11: 2,25					2,25					3,00
3 12: 93,75					93,75					112,50
3 13: 37,50					37,50					37,50
3 14: 60,00					60,00					52,50
4 0: 8,00					8,00					36,00
4 1: -8,00					-8,00					-36,00
4 2: 4,00					4,00					0,00
4 3: 2,67					2,67					1,33
4 4: 2,00					2,00					4,00
4 5: 4,00					4,00					0,00
4 6: 266,67					266,67					266,67
4 7: 2,67					2,67					0,00
4 8: 0,00					0,00					1,33
4 9: 0,00					0,00					0,00
4 10: 0,00					0,00					0,00
4 11: 0,00					0,00					0,00
4 12: 33,33					33,33					66,67
4 13: 0,00					0,00					13,33
4 14: 40,00					40,00					26,67
5 0: 16,53					16,00					14,39
5 1: 0,00					0,00					0,00
5 2: 6,03					6,42					5,75
5 3: 0,13					0,14					0,14
5 4: 0,52					0,52					0,56
5 5: 0,00					0,00					0,00
5 6: 6,94					2,36					12,13
5 7: 0,01					0,01					0,00
5 8: 0,29					0,30					0,27
5 9: 1,62					1,50					0,80
5 10: 0,44					0,00					4,33
5 11: 0,19					0,21					0,16
5 12: 4,70					4,77					8,69
5 13: 4,67					4,79					4,52
5 14: 2,38					2,37					2,62
6 0: 16,00					16,00					12,00
6 1: 8,00					8,00					8,00
6 2: 16,00					8,00					8,00
6 3: 4,00					0,00					0,00
6 4: 4,00					8,00					8,00
6 5: 12,00					16,00					12,00
6 6: 8,00					12,00					20,00
6 7: 0,94					1,18					0,94
6 8: 8,00					8,00					8,00
6 9: 0,00					0,00					0,00
6 10: 4,00					4,00					0,00
6 11: 18,59					17,88					17,65
6 12: 0,00					0,00					0,00
7 0: 0,00					0,00					0,00
7 1: 0,00					0,00					4,00
7 2: 4,00					4,00					4,00
7 3: 4,00					4,00					4,00
7 4: 4,00					4,00					4,00
7 5: 4,00					4,00					0,00
7 6: 0,00					0,00					0,00
7 7: 0,00					0,00					0,00
7 8: 16,00					16,00					16,00
7 9: 0,00					0,00					0,00
7 10: 4,00					4,00					4,00
7 11: 12,00					12,00					13,00
7 12: 0,00					0,00					3000,00
