Distance: 					138,23					1144979,54
0 0: 21,25					21,26					21,26
0 1: 1,88					1,38					1,38
0 2: 1,00					1,00					1,00
0 3: 4,00					1,50					1,50
0 4: 0,76					0,82					0,82
0 5: 0,00					0,00					0,00
0 6: 1,75					1,84					1,84
0 7: 2,62					3,29					3,04
0 8: 0,00					0,47					0,47
0 9: 0,00					1,00					1,00
1 0: 3,00					3,00					1,00
1 1: 3,00					3,00					1,00
1 2: 1,00					1,00					0,75
1 3: 1,00					1,00					0,75
1 4: 0,00					0,00					1,00
1 5: 0,00					0,00					1,00
1 6: 5,00					6,00					6,00
1 7: 7,00					7,00					8,00
1 8: 7,00					7,00					8,00
1 9: 10,00					10,00					11,00
1 10: 67,00					66,82					79,47
1 11: 6,29					6,12					5,35
1 12: 60,71					60,71					74,12
1 13: 60,00					59,82					72,47
2 0: 0,00					0,00					1,00
2 1: 3,00					3,00					1,00
2 2: 1,00					1,00					1,00
2 3: 1,00					1,00					1,00
2 4: 0,00					0,00					0,00
2 5: 0,00					0,00					0,00
2 6: 4,00					4,00					4,00
2 7: 8,00					8,00					8,00
2 8: 7,00					7,00					8,00
2 9: 12,00					12,00					14,00
2 10: 52,25					52,17					52,58
2 11: 5,25					5,17					4,58
2 12: 47,00					47,00					48,00
2 13: 45,25					45,17					45,58
3 0: 36,00					36,00					132,00
3 1: -24,00					-24,00					-24,00
3 2: 12,00					12,00					12,00
3 3: 3,00					3,00					3,00
3 4: 9,00					9,00					9,00
3 5: 0,00					0,00					0,00
3 6: 600,00					600,00					450,00
3 7: 3,75					3,00					3,75
3 8: 2,25					3,75					1,50
3 9: 0,00					0,00					0,00
3 10: 0,00					0,00					225,00
3 11: 2,25					1,50					0,00
3 12: 93,75					93,75					168,75
3 13: 37,50					37,50					45,00
3 14: 60,00					67,50					75,00
4 0: 8,00					8,00					8,00
4 1: -8,00					-8,00					-8,00
4 2: 4,00					4,00					0,00
4 3: 2,67					2,67					1,33
4 4: 2,00					2,00					4,00
4 5: 4,00					4,00					0,00
4 6: 266,67					266,67					266,67
4 7: 2,67					2,67					1,33
4 8: 0,00					0,00					0,00
4 9: 0,00					0,00					0,00
4 10: 0,00					0,00					0,00
4 11: 0,00					0,00					1,33
4 12: 33,33					33,33					33,33
4 13: 0,00					0,00					0,00
4 14: 40,00					40,00					26,67
5 0: 16,53					17,95					28,35
5 1: 0,00					-0,56					-1,06
5 2: 6,03					4,64					4,68
5 3: 0,13					0,14					0,14
5 4: 0,52					0,60					0,60
5 5: 0,00					0,00					0,00
5 6: 6,94					3,23					1,86
5 7: 0,01					0,01					0,01
5 8: 0,29					0,29					0,25
5 9: 1,62					1,42					0,99
5 10: 0,44					4,02					7,16
5 11: 0,19					0,18					0,17
5 12: 4,70					5,47					7,83
5 13: 4,67					4,66					4,66
5 14: 2,38					2,45					2,45
6 0: 16,00					16,00					16,00
6 1: 8,00					8,00					16,00
6 2: 16,00					16,00					8,00
6 3: 4,00					4,00					8,00
6 4: 4,00					8,00					8,00
6 5: 12,00					8,00					4,00
6 6: 8,00					8,00					8,00
6 7: 0,94					0,71					0,71
6 8: 8,00					10,40					10,40
6 9: 0,00					0,00					0,00
6 10: 4,00					4,00					4,00
6 11: 18,59					18,59					22,59
6 12: 0,00					0,00					235,29
7 0: 0,00					0,00					0,00
7 1: 0,00					0,00					0,00
7 2: 4,00					4,00					4,00
7 3: 4,00					4,00					4,00
7 4: 4,00					4,00					8,00
7 5: 4,00					4,00					0,00
7 6: 0,00					0,00					0,00
7 7: 0,00					0,00					1,00
7 8: 16,00					16,00					6,00
7 9: 0,00					0,00					0,00
7 10: 4,00					4,00					0,00
7 11: 12,00					12,00					12,00
7 12: 0,00					0,00					1000,00
