Distance: 					19597,47					5823912,70
0 0: 21,25					21,25					21,25
0 1: 1,88					1,29					1,26
0 2: 1,00					0,00					0,00
0 3: 4,00					1,50					1,50
0 4: 0,76					0,56					0,59
0 5: 0,00					0,47					0,59
0 6: 1,75					2,50					2,31
0 7: 2,62					5,33					5,58
0 8: 0,00					0,59					0,62
0 9: 0,00					3,00					3,00
1 0: 3,00					11,00					1,00
1 1: 3,00					-1,00					1,00
1 2: 1,00					0,80					0,67
1 3: 1,00					0,67					1,00
1 4: 0,00					1,00					1,00
1 5: 0,00					2,00					0,00
1 6: 5,00					3,00					4,00
1 7: 7,00					8,00					12,00
1 8: 7,00					6,00					10,00
1 9: 10,00					20,00					21,00
1 10: 67,00					65,24					65,82
1 11: 6,29					5,24					5,82
1 12: 60,71					60,00					60,00
1 13: 60,00					58,24					58,82
2 0: 0,00					0,00					0,00
2 1: 3,00					4,00					4,00
2 2: 1,00					1,00					1,00
2 3: 1,00					1,00					1,00
2 4: 0,00					0,00					0,00
2 5: 0,00					0,00					0,00
2 6: 4,00					4,00					4,00
2 7: 8,00					8,00					8,00
2 8: 7,00					7,00					7,00
2 9: 12,00					12,00					12,00
2 10: 52,25					52,75					52,75
2 11: 5,25					5,75					5,75
2 12: 47,00					47,00					47,00
2 13: 45,25					45,75					45,75
3 0: 36,00					156,00					180,00
3 1: -24,00					0,00					72,00
3 2: 12,00					12,00					0,00
3 3: 3,00					2,25					1,50
3 4: 9,00					8,00					12,00
3 5: 0,00					0,00					0,00
3 6: 600,00					600,00					150,00
3 7: 3,75					1,50					0,75
3 8: 2,25					0,00					4,50
3 9: 0,00					22,50					7,50
3 10: 0,00					0,00					225,00
3 11: 2,25					2,25					0,00
3 12: 93,75					150,00					150,00
3 13: 37,50					45,00					60,00
3 14: 60,00					52,50					60,00
4 0: 8,00					8,00					8,00
4 1: -8,00					-8,00					-8,00
4 2: 4,00					4,00					4,00
4 3: 2,67					2,67					2,67
4 4: 2,00					2,00					2,00
4 5: 4,00					4,00					4,00
4 6: 266,67					266,67					266,67
4 7: 2,67					2,67					2,67
4 8: 0,00					0,00					0,00
4 9: 0,00					0,00					0,00
4 10: 0,00					0,00					0,00
4 11: 0,00					0,00					0,00
4 12: 33,33					33,33					33,33
4 13: 0,00					0,00					0,00
4 14: 40,00					40,00					40,00
5 0: 16,53					17,10					17,83
5 1: 0,00					0,00					0,00
5 2: 6,03					5,53					6,21
5 3: 0,13					0,14					0,13
5 4: 0,52					0,55					0,51
5 5: 0,00					0,00					0,00
5 6: 6,94					7,71					5,28
5 7: 0,01					0,02					0,01
5 8: 0,29					0,26					0,29
5 9: 1,62					1,54					1,34
5 10: 0,44					1,36					3,58
5 11: 0,19					0,18					0,16
5 12: 4,70					5,72					6,27
5 13: 4,67					4,66					4,66
5 14: 2,38					2,41					2,48
6 0: 16,00					16,00					16,00
6 1: 8,00					4,00					12,00
6 2: 16,00					0,00					0,00
6 3: 4,00					4,00					4,00
6 4: 4,00					8,00					12,00
6 5: 12,00					12,00					16,00
6 6: 8,00					24,00					8,00
6 7: 0,94					0,71					0,71
6 8: 8,00					14,00					14,00
6 9: 0,00					0,00					0,00
6 10: 4,00					0,00					4,00
6 11: 18,59					17,18					17,65
6 12: 0,00					0,00					2352,94
7 0: 0,00					0,00					0,00
7 1: 0,00					0,00					0,00
7 2: 4,00					4,00					4,00
7 3: 4,00					4,00					4,00
7 4: 4,00					4,00					4,00
7 5: 4,00					4,00					4,00
7 6: 0,00					0,00					0,00
7 7: 0,00					0,00					0,00
7 8: 16,00					16,00					16,00
7 9: 0,00					0,00					0,00
7 10: 4,00					4,00					4,00
7 11: 12,00					12,00					12,00
7 12: 0,00					0,00					0,00
