Distance: 					244,43					1175619,92
0 0: 21,25					21,11					21,11
0 1: 1,88					1,24					1,21
0 2: 1,00					1,00					1,00
0 3: 4,00					2,00					2,00
0 4: 0,76					0,35					0,37
0 5: 0,00					0,00					0,00
0 6: 1,75					1,84					1,84
0 7: 2,62					2,48					2,48
0 8: 0,00					0,66					0,69
0 9: 0,00					1,00					1,50
1 0: 3,00					0,00					8,00
1 1: 3,00					0,00					-4,00
1 2: 1,00					0,75					0,75
1 3: 1,00					0,75					0,75
1 4: 0,00					1,00					1,00
1 5: 0,00					1,00					1,00
1 6: 5,00					6,00					6,00
1 7: 7,00					7,00					7,00
1 8: 7,00					7,00					7,00
1 9: 10,00					10,00					10,00
1 10: 67,00					66,53					66,24
1 11: 6,29					5,82					5,53
1 12: 60,71					60,71					60,71
1 13: 60,00					59,53					59,24
2 0: 0,00					0,00					3,00
2 1: 3,00					3,00					3,00
2 2: 1,00					1,00					0,67
2 3: 1,00					1,00					0,67
2 4: 0,00					0,00					4,00
2 5: 0,00					0,00					4,00
2 6: 4,00					4,00					3,00
2 7: 8,00					8,00					8,00
2 8: 7,00					7,00					7,00
2 9: 12,00					12,00					12,00
2 10: 52,25					52,25					56,58
2 11: 5,25					5,25					5,58
2 12: 47,00					47,00					51,00
2 13: 45,25					45,25					49,58
3 0: 36,00					48,00					60,00
3 1: -24,00					-24,00					12,00
3 2: 12,00					12,00					0,00
3 3: 3,00					3,00					2,25
3 4: 9,00					9,00					12,00
3 5: 0,00					0,00					0,00
3 6: 600,00					600,00					900,00
3 7: 3,75					2,25					0,75
3 8: 2,25					3,75					3,00
3 9: 0,00					0,00					0,00
3 10: 0,00					0,00					0,00
3 11: 2,25					2,25					1,50
3 12: 93,75					93,75					168,75
3 13: 37,50					37,50					52,50
3 14: 60,00					60,00					52,50
4 0: 8,00					8,00					20,00
4 1: -8,00					-8,00					4,00
4 2: 4,00					4,00					4,00
4 3: 2,67					2,67					2,67
4 4: 2,00					2,00					2,00
4 5: 4,00					4,00					4,00
4 6: 266,67					266,67					533,33
4 7: 2,67					2,67					0,00
4 8: 0,00					0,00					0,00
4 9: 0,00					0,00					0,00
4 10: 0,00					0,00					0,00
4 11: 0,00					0,00					0,00
4 12: 33,33					33,33					100,00
4 13: 0,00					0,00					26,67
4 14: 40,00					40,00					13,33
5 0: 16,53					18,24					14,33
5 1: 0,00					0,00					0,00
5 2: 6,03					5,05					5,44
5 3: 0,13					0,14					0,16
5 4: 0,52					0,58					0,59
5 5: 0,00					0,00					0,00
5 6: 6,94					2,03					6,05
5 7: 0,01					0,00					0,00
5 8: 0,29					0,27					0,29
5 9: 1,62					1,33					1,45
5 10: 0,44					1,23					1,58
5 11: 0,19					0,20					0,19
5 12: 4,70					5,95					5,42
5 13: 4,67					4,69					4,65
5 14: 2,38					2,39					2,20
6 0: 16,00					16,00					12,00
6 1: 8,00					8,00					12,00
6 2: 16,00					12,00					8,00
6 3: 4,00					4,00					4,00
6 4: 4,00					8,00					8,00
6 5: 12,00					12,00					16,00
6 6: 8,00					8,00					8,00
6 7: 0,94					0,94					0,71
6 8: 8,00					10,40					10,40
6 9: 0,00					0,00					0,00
6 10: 4,00					4,00					0,00
6 11: 18,59					18,35					18,12
6 12: 0,00					0,00					0,00
7 0: 0,00					0,00					4,00
7 1: 0,00					0,00					0,00
7 2: 4,00					4,00					0,00
7 3: 4,00					4,00					0,00
7 4: 4,00					4,00					4,00
7 5: 4,00					4,00					4,00
7 6: 0,00					0,00					4,00
7 7: 0,00					0,00					0,00
7 8: 16,00					16,00					16,00
7 9: 0,00					0,00					0,00
7 10: 4,00					4,00					4,00
7 11: 12,00					12,00					13,00
7 12: 0,00					0,00					1000,00
