Distance: 					16778,74					217416,02
0 0: 21,25					21,26					41,25
0 1: 1,88					1,18					1,18
0 2: 1,00					1,00					1,00
0 3: 4,00					1,00					1,00
0 4: 0,76					0,11					0,11
0 5: 0,00					0,00					0,00
0 6: 1,75					1,48					1,48
0 7: 2,62					1,02					1,02
0 8: 0,00					0,38					0,38
0 9: 0,00					2,00					2,00
1 0: 3,00					0,00					0,00
1 1: 3,00					0,00					0,00
1 2: 1,00					0,62					0,62
1 3: 1,00					1,00					1,00
1 4: 0,00					3,00					3,00
1 5: 0,00					0,00					0,00
1 6: 5,00					5,00					5,00
1 7: 7,00					7,00					7,00
1 8: 7,00					6,00					6,00
1 9: 10,00					12,00					12,00
1 10: 67,00					61,18					61,82
1 11: 6,29					2,82					3,45
1 12: 60,71					58,36					58,36
1 13: 60,00					61,18					61,82
2 0: 0,00					0,00					0,00
2 1: 3,00					0,00					0,00
2 2: 1,00					0,67					0,67
2 3: 1,00					1,00					1,00
2 4: 0,00					4,00					4,00
2 5: 0,00					0,00					0,00
2 6: 4,00					3,00					3,00
2 7: 8,00					8,00					8,00
2 8: 7,00					7,00					7,00
2 9: 12,00					13,00					14,00
2 10: 52,25					59,17					59,83
2 11: 5,25					4,17					4,83
2 12: 47,00					55,00					55,00
2 13: 45,25					59,17					59,83
3 0: 36,00					72,00					84,00
3 1: -24,00					0,00					-24,00
3 2: 12,00					24,00					0,00
3 3: 3,00					2,86					2,86
3 4: 9,00					7,20					12,00
3 5: 0,00					0,00					0,00
3 6: 600,00					685,71					228,57
3 7: 3,75					1,71					5,14
3 8: 2,25					1,71					1,71
3 9: 0,00					0,00					5,71
3 10: 0,00					57,14					0,00
3 11: 2,25					2,86					2,86
3 12: 93,75					142,86					42,86
3 13: 37,50					40,00					40,00
3 14: 60,00					51,43					51,43
4 0: 8,00					16,00					16,00
4 1: -8,00					-16,00					-16,00
4 2: 4,00					0,00					0,00
4 3: 2,67					1,33					1,33
4 4: 2,00					4,00					4,00
4 5: 4,00					0,00					0,00
4 6: 266,67					266,67					0,00
4 7: 2,67					0,00					1,33
4 8: 0,00					2,67					2,67
4 9: 0,00					0,00					0,00
4 10: 0,00					0,00					0,00
4 11: 0,00					0,00					0,00
4 12: 33,33					33,33					0,00
4 13: 0,00					13,33					13,33
4 14: 40,00					26,67					26,67
5 0: 16,53					6,93					7,42
5 1: 0,00					0,73					0,00
5 2: 6,03					10,75					14,15
5 3: 0,13					0,24					0,23
5 4: 0,52					0,62					0,53
5 5: 0,00					0,00					0,00
5 6: 6,94					10,81					4,28
5 7: 0,01					0,03					0,08
5 8: 0,29					0,37					0,37
5 9: 1,62					1,08					1,51
5 10: 0,44					5,71					0,00
5 11: 0,19					0,23					0,23
5 12: 4,70					4,50					2,08
5 13: 4,67					4,70					4,70
5 14: 2,38					2,18					2,18
6 0: 16,00					32,00					32,00
6 1: 8,00					20,00					20,00
6 2: 16,00					12,00					12,00
6 3: 4,00					0,00					0,00
6 4: 4,00					8,00					8,00
6 5: 12,00					8,00					8,00
6 6: 8,00					8,00					8,00
6 7: 0,94					0,73					0,73
6 8: 8,00					7,50					7,50
6 9: 0,00					0,00					0,00
6 10: 4,00					4,00					4,00
6 11: 18,59					19,45					19,45
6 12: 0,00					0,00					0,00
7 0: 0,00					4,00					4,00
7 1: 0,00					0,00					0,00
7 2: 4,00					0,00					0,00
7 3: 4,00					4,00					4,00
7 4: 4,00					4,00					4,00
7 5: 4,00					4,00					4,00
7 6: 0,00					0,00					0,00
7 7: 0,00					0,00					0,00
7 8: 16,00					16,00					16,00
7 9: 0,00					0,00					0,00
7 10: 4,00					4,00					4,00
7 11: 12,00					17,00					17,00
7 12: 0,00					0,00					0,00
