Distance: 					463,14					787,66
0 0: 10,62					10,62					10,66
0 1: 0,94					0,59					0,59
0 2: 0,50					0,50					0,50
0 3: 2,00					0,50					0,50
0 4: 0,38					0,05					0,05
0 5: 0,00					0,00					0,00
0 6: 0,88					0,74					0,74
0 7: 0,33					0,13					0,13
0 8: 0,00					0,19					0,19
0 9: 0,00					1,00					1,00
1 0: 3,00					0,00					0,00
1 1: 3,00					0,00					0,00
1 2: 1,00					0,62					0,62
1 3: 1,00					0,62					0,62
1 4: 0,00					3,00					3,00
1 5: 0,00					3,00					3,00
1 6: 5,00					5,00					5,00
1 7: 7,00					7,00					7,00
1 8: 7,00					6,00					6,00
1 9: 10,00					12,00					12,00
1 10: 67,00					67,59					79,59
1 11: 6,29					5,95					5,95
1 12: 60,71					61,64					73,64
1 13: 60,00					61,59					61,59
2 0: 3,00					7,00					7,00
2 1: -2,00					-2,00					-2,00
2 2: 1,00					0,00					0,00
2 3: 0,25					0,24					0,24
2 4: 0,75					1,00					1,00
2 5: 0,00					0,00					0,00
2 6: 0,25					0,10					0,10
2 7: 0,31					0,33					0,33
2 8: 0,19					0,14					0,14
2 9: 0,00					0,05					0,05
2 10: 0,00					0,05					0,05
2 11: 0,00					0,00					0,00
2 12: 0,50					0,48					0,48
2 13: 0,31					0,33					0,33
2 14: 0,50					0,43					0,43
3 0: 2,00					4,00					4,00
3 1: -2,00					-4,00					-4,00
3 2: 1,00					0,00					0,00
3 3: 0,67					0,33					0,33
3 4: 0,50					1,00					1,00
3 5: 1,00					0,00					0,00
3 6: 0,33					0,00					0,00
3 7: 0,67					0,33					0,33
3 8: 0,00					0,67					0,67
3 9: 0,00					0,00					0,00
3 10: 0,00					0,00					0,00
3 11: 0,00					0,00					0,00
3 12: 0,33					0,00					0,00
3 13: 0,00					0,33					0,33
3 14: 1,00					0,67					0,67
4 0: 19,75					7,75					7,75
4 1: 0,00					2,50					2,50
4 2: 17,00					2,75					2,75
4 3: 0,19					0,23					0,23
4 4: 0,53					0,84					0,84
4 5: 0,00					0,00					0,00
4 6: 0,02					0,02					0,02
4 7: 0,00					0,05					0,05
4 8: 0,39					0,38					0,38
4 9: 0,19					0,18					0,18
4 10: 0,01					0,04					0,04
4 11: 0,00					0,00					0,00
4 12: 0,42					0,39					0,39
4 13: 0,60					0,57					0,57
4 14: 0,21					0,21					0,21
5 0: 0,24					0,18					0,18
5 1: 2,00					1,88					1,88
5 2: 2,00					0,00					0,00
5 3: 0,00					0,00					0,00
5 4: 1,00					1,00					1,00
5 5: 4,65					4,86					4,86
5 6: 0,00					0,00					0,00
6 0: 0,00					0,00					0,00
6 1: 4,00					4,00					4,00
6 2: 5,00					5,00					5,00
6 3: 0,00					0,00					0,00
6 4: 1,00					1,00					1,00
6 5: 3,00					4,25					4,25
6 6: 0,00					0,00					0,00
7 0: 0,19					0,12					0,12
7 1: 1,83					2,00					2,00
7 2: 5,00					0,00					0,00
7 3: 0,00					0,00					0,00
7 4: 1,00					1,00					1,00
7 5: 3,62					5,00					5,00
7 6: 0,00					0,00					0,00
