Distance: 					484,93					4032,14
0 0: 21,25					21,24					21,24
0 1: 1,88					1,18					1,18
0 2: 1,00					1,00					1,00
0 3: 4,00					1,00					1,00
0 4: 0,76					0,11					0,11
0 5: 0,00					0,00					0,00
0 6: 1,75					1,48					1,48
0 7: 0,66					0,26					0,26
0 8: 0,00					0,38					0,38
0 9: 0,00					2,00					2,00
1 0: 0,00					0,00					0,00
1 1: 0,00					0,00					0,00
1 2: 0,00					0,00					0,00
1 3: 0,00					0,00					0,00
1 4: 0,00					0,00					0,00
1 5: 0,00					0,00					0,00
1 6: 0,00					0,00					0,00
1 7: 0,00					0,00					0,00
1 8: 0,00					0,00					0,00
1 9: 0,00					0,00					0,00
2 0: 3,00					0,00					0,00
2 1: 3,00					0,00					0,00
2 2: 1,00					0,62					0,62
2 3: 1,00					1,00					1,00
2 4: 0,00					3,00					3,00
2 5: 0,00					0,00					0,00
2 6: 5,00					5,00					5,00
2 7: 7,00					7,00					7,00
2 8: 7,00					6,00					6,00
2 9: 10,00					12,00					12,00
2 10: 67,00					61,82					73,82
2 11: 6,29					3,45					3,45
2 12: 60,71					58,36					70,36
2 13: 60,00					61,82					73,82
3 0: 0,00					0,00					1,00
3 1: 3,00					0,00					5,00
3 2: 1,00					0,67					0,67
3 3: 1,00					1,00					1,00
3 4: 0,00					4,00					4,00
3 5: 0,00					0,00					0,00
3 6: 4,00					2,00					3,00
3 7: 8,00					9,00					8,00
3 8: 7,00					8,00					7,00
3 9: 12,00					14,00					15,00
3 10: 52,25					47,75					48,08
3 11: 5,25					4,75					5,08
3 12: 47,00					43,00					43,00
3 13: 45,25					47,75					48,08
4 0: 6,00					14,00					14,00
4 1: -4,00					-4,00					-4,00
4 2: 2,00					0,00					0,00
4 3: 0,50					0,48					0,48
4 4: 1,50					2,00					2,00
4 5: 0,00					0,00					0,00
4 6: 0,50					0,19					0,19
4 7: 0,62					0,86					0,86
4 8: 0,38					0,29					0,29
4 9: 0,00					0,10					0,10
4 10: 0,00					0,00					0,00
4 11: 0,38					0,48					0,48
4 12: 6,25					2,86					2,86
4 13: 6,25					6,67					6,67
4 14: 10,00					8,57					8,57
5 0: 8,00					12,00					20,00
5 1: -8,00					-8,00					-20,00
5 2: 4,00					4,00					0,00
5 3: 2,67					2,67					1,33
5 4: 2,00					2,00					4,00
5 5: 4,00					4,00					0,00
5 6: 1,33					0,00					1,33
5 7: 2,67					1,33					0,00
5 8: 0,00					1,33					1,33
5 9: 0,00					0,00					0,00
5 10: 0,00					0,00					0,00
5 11: 0,00					0,00					0,00
5 12: 13,33					13,33					26,67
5 13: 0,00					0,00					13,33
5 14: 40,00					40,00					26,67
6 0: 79,00					80,00					127,00
6 1: 0,00					0,00					0,00
6 2: 24,00					12,00					12,00
6 3: 0,63					0,55					0,55
6 4: 2,67					3,33					3,33
6 5: 0,00					0,00					0,00
6 6: 0,12					0,10					0,21
6 7: 0,00					0,00					0,00
6 8: 1,40					1,37					1,34
6 9: 0,82					0,70					0,66
6 10: 0,03					0,10					0,15
6 11: 0,92					0,88					0,68
6 12: 8,64					10,50					13,26
6 13: 23,30					29,03					29,03
6 14: 10,44					5,49					5,49
7 0: 0,24					0,18					0,18
7 1: 2,00					1,88					1,88
7 2: 2,00					0,00					0,00
7 3: 0,00					0,00					0,00
7 4: 1,00					1,00					1,00
7 5: 4,65					4,86					5,86
7 6: 0,00					0,00					0,00
8 0: 0,00					0,00					0,00
8 1: 16,00					16,00					16,00
8 2: 20,00					20,00					12,00
8 3: 0,00					0,00					0,00
8 4: 4,00					4,00					0,00
8 5: 12,00					13,00					13,00
8 6: 0,00					1,00					3,00
9 0: 0,25					0,25					0,25
9 1: 2,25					2,25					2,25
9 2: 5,00					4,00					4,00
9 3: 0,00					0,00					0,00
9 4: 1,00					1,00					1,00
9 5: 3,67					4,00					4,00
9 6: 0,00					0,00					0,67
