Distance: 					5,63					1245,64
0 0: 1,06					1,06					1,06
0 1: 0,94					0,74					0,71
0 2: 0,50					0,50					0,50
0 3: 2,00					0,50					0,50
0 4: 0,38					0,18					0,15
0 5: 0,00					0,00					0,00
0 6: 0,88					0,94					0,94
0 7: 0,33					0,29					0,29
0 8: 0,00					0,20					0,23
0 9: 0,00					0,50					0,50
1 0: 3,00					3,00					3,00
1 1: 3,00					3,00					3,00
1 2: 1,00					1,00					0,60
1 3: 1,00					1,00					0,60
1 4: 0,00					0,00					2,00
1 5: 0,00					0,00					2,00
1 6: 5,00					5,00					6,00
1 7: 7,00					7,00					7,00
1 8: 7,00					7,00					7,00
1 9: 10,00					10,00					10,00
1 10: 67,00					67,53					80,29
1 11: 6,29					6,12					6,18
1 12: 60,71					61,41					74,12
1 13: 60,00					60,53					73,29
2 0: 0,00					0,00					10,00
2 1: 3,00					3,00					3,00
2 2: 1,00					1,00					1,00
2 3: 1,00					1,00					1,00
2 4: 0,00					0,00					0,00
2 5: 0,00					0,00					0,00
2 6: 4,00					4,00					3,00
2 7: 8,00					8,00					7,00
2 8: 7,00					7,00					6,00
2 9: 12,00					12,00					12,00
2 10: 52,25					52,00					39,50
2 11: 5,25					5,00					5,50
2 12: 47,00					47,00					34,00
2 13: 45,25					45,00					32,50
3 0: 3,00					4,00					5,00
3 1: -2,00					-2,00					-2,00
3 2: 1,00					1,00					2,00
3 3: 0,25					0,25					0,31
3 4: 0,75					0,75					0,60
3 5: 0,00					0,00					0,00
3 6: 0,25					0,06					0,06
3 7: 0,31					0,19					0,38
3 8: 0,19					0,50					0,38
3 9: 0,00					0,00					0,00
3 10: 0,00					0,00					0,00
3 11: 0,19					0,19					0,06
3 12: 0,31					0,12					0,19
3 13: 0,31					0,25					0,31
3 14: 0,50					0,56					0,62
4 0: 2,00					2,00					5,00
4 1: -2,00					-2,00					5,00
4 2: 1,00					1,00					0,00
4 3: 0,67					0,67					0,33
4 4: 0,50					0,50					1,00
4 5: 1,00					1,00					0,00
4 6: 0,33					0,33					0,00
4 7: 0,67					0,67					0,33
4 8: 0,00					0,00					0,33
4 9: 0,00					0,00					0,00
4 10: 0,00					0,00					0,00
4 11: 0,00					0,00					0,00
4 12: 0,33					0,33					0,33
4 13: 0,00					0,00					0,33
4 14: 1,00					1,00					0,67
5 0: 2,76					3,04					6,52
5 1: 0,00					0,00					0,00
5 2: 1,01					0,74					0,86
5 3: 0,02					0,02					0,02
5 4: 0,09					0,10					0,09
5 5: 0,00					0,00					0,00
5 6: 0,01					0,00					0,00
5 7: 0,00					0,00					0,00
5 8: 0,05					0,05					0,04
5 9: 0,03					0,03					0,02
5 10: 0,00					0,00					0,00
5 11: 0,03					0,03					0,03
5 12: 0,03					0,04					0,04
5 13: 0,08					0,08					0,08
5 14: 0,04					0,04					0,04
6 0: 4,00					4,00					2,00
6 1: 2,00					2,00					3,00
6 2: 4,00					4,00					5,00
6 3: 1,00					1,00					2,00
6 4: 1,00					1,00					1,00
6 5: 3,00					3,00					2,00
6 6: 2,00					2,00					2,00
6 7: 0,24					0,12					0,12
6 8: 2,00					2,60					3,50
6 9: 0,00					0,00					0,00
6 10: 1,00					1,00					0,00
6 11: 4,65					4,71					5,76
6 12: 0,00					0,00					0,00
7 0: 0,00					0,00					0,00
7 1: 0,00					0,00					0,00
7 2: 1,00					1,00					2,00
7 3: 1,00					1,00					0,00
7 4: 1,00					1,00					1,00
7 5: 1,00					1,00					1,00
7 6: 0,00					0,00					0,00
7 7: 0,00					0,00					0,25
7 8: 4,00					4,00					1,50
7 9: 0,00					0,00					0,00
7 10: 1,00					1,00					0,00
7 11: 3,00					3,00					2,00
7 12: 0,00					0,00					0,00
