Distance: 					277,99					1091285,13
0 0: 18,75					18,74					22,53
0 1: 1,61					1,20					1,10
0 2: 1,00					1,00					1,00
0 3: 3,12					1,00					1,00
0 4: 0,45					0,26					0,20
0 5: 0,00					0,27					0,27
0 6: 1,50					1,71					1,71
0 7: 1,57					0,54					0,54
0 8: 0,00					0,33					0,46
0 9: 0,00					1,00					1,50
1 0: 0,00					0,00					0,00
1 1: 0,00					0,00					0,00
1 2: 0,00					0,00					0,00
1 3: 0,00					0,00					0,00
1 4: 0,00					0,00					0,00
1 5: 0,00					0,00					0,00
1 6: 0,00					0,00					0,00
1 7: 0,00					0,00					0,00
1 8: 0,00					0,00					0,00
1 9: 0,00					0,00					0,00
2 0: 0,00					0,00					9,00
2 1: 0,00					0,00					-3,00
2 2: 0,80					0,80					0,60
2 3: 0,80					0,80					0,60
2 4: 1,00					1,00					2,00
2 5: 1,00					1,00					2,00
2 6: 3,00					3,00					3,00
2 7: 5,00					5,00					7,00
2 8: 5,00					5,00					7,00
2 9: 6,00					6,00					7,00
2 10: 62,80					62,80					62,47
2 11: 2,80					2,80					3,27
2 12: 60,00					60,00					59,20
2 13: 58,80					58,80					58,47
3 0: 4,00					4,00					5,00
3 1: 4,00					4,00					5,00
3 2: 0,50					0,50					0,50
3 3: 0,60					0,60					0,60
3 4: 4,00					4,00					4,00
3 5: 4,00					4,00					4,00
3 6: 7,00					7,00					7,00
3 7: 11,00					11,00					11,00
3 8: 7,00					7,00					7,00
3 9: 17,00					17,00					17,00
3 10: 53,85					53,85					55,60
3 11: 6,45					6,45					4,60
3 12: 47,40					47,40					51,00
3 13: 49,85					49,85					51,60
4 0: 36,00					36,00					72,00
4 1: 24,00					36,00					-12,00
4 2: 0,00					0,00					12,00
4 3: 2,57					2,57					2,57
4 4: 12,00					12,00					8,00
4 5: 0,00					0,00					0,00
4 6: 857,14					857,14					857,14
4 7: 5,14					0,86					0,00
4 8: 1,71					5,14					3,43
4 9: 0,00					0,00					0,00
4 10: 0,00					0,00					85,71
4 11: 0,86					1,71					1,71
4 12: 107,14					107,14					171,43
4 13: 51,43					42,86					42,86
4 14: 60,00					60,00					60,00
5 0: 8,00					8,00					20,00
5 1: -8,00					-8,00					-20,00
5 2: 4,00					4,00					0,00
5 3: 2,67					2,67					1,33
5 4: 2,00					2,00					4,00
5 5: 4,00					4,00					0,00
5 6: 266,67					266,67					266,67
5 7: 2,67					2,67					0,00
5 8: 0,00					0,00					0,00
5 9: 0,00					0,00					0,00
5 10: 0,00					0,00					0,00
5 11: 0,00					0,00					0,00
5 12: 33,33					33,33					100,00
5 13: 0,00					0,00					13,33
5 14: 40,00					40,00					26,67
6 0: 18,59					18,87					17,27
6 1: 2,97					1,73					2,23
6 2: 2,84					2,10					1,85
6 3: 0,17					0,17					0,18
6 4: 0,84					0,89					0,90
6 5: 0,00					0,00					0,00
6 6: 2,91					6,96					14,52
6 7: 0,03					0,02					0,00
6 8: 0,12					0,14					0,13
6 9: 1,60					1,33					1,06
6 10: 1,63					0,00					1,36
6 11: 0,31					0,28					0,28
6 12: 10,27					11,40					12,93
6 13: 6,56					6,72					6,23
6 14: 2,01					1,88					2,31
7 0: 20,00					20,00					4,00
7 1: 4,00					4,00					12,00
7 2: 0,00					0,00					0,00
7 3: 0,00					0,00					0,00
7 4: 4,00					4,00					8,00
7 5: 16,00					16,00					20,00
7 6: 16,00					16,00					16,00
7 7: 0,53					0,80					0,53
7 8: 8,80					8,80					12,00
7 9: 0,00					0,00					0,00
7 10: 4,00					4,00					0,00
7 11: 17,60					17,60					16,80
7 12: 266,67					266,67					533,33
8 0: 0,00					0,00					0,00
8 1: 0,00					0,00					0,00
8 2: 4,00					4,00					0,00
8 3: 4,00					4,00					4,00
8 4: 4,00					4,00					4,00
8 5: 4,00					4,00					4,00
8 6: 0,00					0,00					4,00
8 7: 0,00					0,00					0,00
8 8: 16,00					16,00					16,00
8 9: 0,00					0,00					0,00
8 10: 4,00					4,00					4,00
8 11: 16,00					16,00					16,00
8 12: 0,00					0,00					1000,00
9 0: 0,00					0,00					0,00
9 1: 0,00					0,00					0,00
9 2: 0,00					0,00					0,00
9 3: 0,00					0,00					0,00
9 4: 0,00					0,00					0,00
9 5: 0,00					0,00					0,00
9 6: 0,00					0,00					0,00
9 7: 0,00					0,00					0,00
9 8: 0,00					0,00					0,00
9 9: 0,00					0,00					0,00
9 10: 0,00					0,00					0,00
9 11: 0,00					0,00					0,00
9 12: 0,00					0,00					0,00
