Distance: 					114320,16					4884811,30
0 0: 18,75					18,65					9,60
0 1: 1,61					1,80					0,90
0 2: 1,00					1,50					0,00
0 3: 3,12					2,00					2,50
0 4: 0,45					0,25					0,24
0 5: 0,00					0,00					0,40
0 6: 1,50					1,71					1,64
0 7: 1,57					0,87					4,83
0 8: 0,00					0,12					0,88
0 9: 0,00					0,50					4,00
1 0: 0,00					0,00					0,00
1 1: 0,00					0,00					0,00
1 2: 0,00					0,00					0,00
1 3: 0,00					0,00					0,00
1 4: 0,00					0,00					0,00
1 5: 0,00					0,00					0,00
1 6: 0,00					0,00					0,00
1 7: 0,00					0,00					0,00
1 8: 0,00					0,00					0,00
1 9: 0,00					0,00					0,00
2 0: 0,00					0,00					0,00
2 1: 0,00					0,00					0,00
2 2: 0,80					0,22					0,75
2 3: 0,80					0,22					0,75
2 4: 1,00					7,00					1,00
2 5: 1,00					7,00					1,00
2 6: 3,00					3,00					4,00
2 7: 5,00					5,00					7,00
2 8: 5,00					5,00					7,00
2 9: 6,00					7,00					7,00
2 10: 62,80					63,40					62,53
2 11: 2,80					5,00					4,93
2 12: 60,00					58,40					57,60
2 13: 58,80					59,40					58,53
3 0: 4,00					11,00					0,00
3 1: 4,00					-1,00					0,00
3 2: 0,50					1,00					0,67
3 3: 0,60					0,83					0,60
3 4: 4,00					0,00					2,00
3 5: 4,00					2,00					4,00
3 6: 7,00					8,00					8,00
3 7: 11,00					10,00					11,00
3 8: 7,00					5,00					7,00
3 9: 17,00					24,00					21,00
3 10: 53,85					40,65					66,25
3 11: 6,45					4,65					6,85
3 12: 47,40					36,00					59,40
3 13: 49,85					36,65					62,25
4 0: 36,00					84,00					60,00
4 1: 24,00					0,00					0,00
4 2: 0,00					24,00					24,00
4 3: 2,57					4,29					3,43
4 4: 12,00					7,20					6,00
4 5: 0,00					0,00					0,00
4 6: 857,14					685,71					0,00
4 7: 5,14					0,86					1,71
4 8: 1,71					0,86					4,29
4 9: 0,00					8,57					0,00
4 10: 0,00					0,00					0,00
4 11: 0,86					4,29					3,43
4 12: 107,14					128,57					64,29
4 13: 51,43					51,43					51,43
4 14: 60,00					25,71					34,29
5 0: 8,00					40,00					36,00
5 1: -8,00					40,00					-36,00
5 2: 4,00					0,00					0,00
5 3: 2,67					1,33					1,33
5 4: 2,00					4,00					4,00
5 5: 4,00					0,00					0,00
5 6: 266,67					0,00					0,00
5 7: 2,67					0,00					1,33
5 8: 0,00					0,00					0,00
5 9: 0,00					13,33					13,33
5 10: 0,00					0,00					0,00
5 11: 0,00					0,00					0,00
5 12: 33,33					66,67					33,33
5 13: 0,00					26,67					13,33
5 14: 40,00					13,33					26,67
6 0: 18,59					32,23					13,60
6 1: 2,97					0,00					-5,34
6 2: 2,84					2,80					3,59
6 3: 0,17					0,18					0,29
6 4: 0,84					0,84					0,95
6 5: 0,00					0,00					0,00
6 6: 2,91					25,03					4,23
6 7: 0,03					0,01					0,05
6 8: 0,12					0,05					0,04
6 9: 1,60					1,27					0,93
6 10: 1,63					15,40					21,50
6 11: 0,31					0,27					0,40
6 12: 10,27					14,29					13,69
6 13: 6,56					6,79					3,85
6 14: 2,01					1,71					5,01
7 0: 20,00					40,00					20,00
7 1: 4,00					4,00					8,00
7 2: 0,00					0,00					0,00
7 3: 0,00					0,00					0,00
7 4: 4,00					8,00					12,00
7 5: 16,00					0,00					16,00
7 6: 16,00					8,00					4,00
7 7: 0,53					0,53					1,07
7 8: 8,80					6,67					6,67
7 9: 0,00					0,00					0,00
7 10: 4,00					4,00					4,00
7 11: 17,60					18,93					17,87
7 12: 266,67					266,67					533,33
8 0: 0,00					0,00					0,00
8 1: 0,00					4,00					4,00
8 2: 4,00					0,00					0,00
8 3: 4,00					0,00					4,00
8 4: 4,00					0,00					4,00
8 5: 4,00					4,00					0,00
8 6: 0,00					8,00					4,00
8 7: 0,00					0,00					0,00
8 8: 16,00					16,00					16,00
8 9: 0,00					0,00					0,00
8 10: 4,00					0,00					4,00
8 11: 16,00					11,00					20,00
8 12: 0,00					0,00					2000,00
9 0: 0,00					0,00					0,00
9 1: 0,00					0,00					0,00
9 2: 0,00					0,00					0,00
9 3: 0,00					0,00					0,00
9 4: 0,00					0,00					0,00
9 5: 0,00					0,00					0,00
9 6: 0,00					0,00					0,00
9 7: 0,00					0,00					0,00
9 8: 0,00					0,00					0,00
9 9: 0,00					0,00					0,00
9 10: 0,00					0,00					0,00
9 11: 0,00					0,00					0,00
9 12: 0,00					0,00					0,00
