Distance: 					148826,33					890111,30
0 0: 41,25					39,97					18,75
0 1: 1,18					1,60					1,61
0 2: 2,00					1,00					1,00
0 3: 2,00					3,00					3,12
0 4: 0,49					0,44					0,45
0 5: 0,00					0,00					0,00
0 6: 1,43					1,50					1,50
0 7: 1,82					1,57					1,57
0 8: 0,38					0,00					0,00
0 9: 1,00					0,00					0,00
1 0: 7,00					0,00					0,00
1 1: 7,00					0,00					0,00
1 2: 0,57					1,00					0,80
1 3: 0,57					1,00					0,80
1 4: 3,00					0,00					1,00
1 5: 3,00					0,00					1,00
1 6: 6,00					3,00					3,00
1 7: 7,00					4,00					5,00
1 8: 6,00					4,00					5,00
1 9: 12,00					6,00					6,00
1 10: 69,50					62,27					62,80
1 11: 5,14					2,27					2,80
1 12: 64,36					60,00					60,00
1 13: 69,50					58,27					58,80
2 0: 7,00					3,00					4,00
2 1: 7,00					3,00					4,00
2 2: 0,67					0,50					0,50
2 3: 0,67					0,60					0,60
2 4: 4,00					4,00					4,00
2 5: 4,00					4,00					4,00
2 6: 3,00					7,00					7,00
2 7: 8,00					11,00					11,00
2 8: 7,00					7,00					7,00
2 9: 14,00					17,00					17,00
2 10: 66,75					53,35					53,85
2 11: 5,75					5,95					6,45
2 12: 61,00					47,40					47,40
2 13: 66,75					49,35					49,85
3 0: 84,00					48,00					36,00
3 1: -24,00					-24,00					24,00
3 2: 24,00					12,00					0,00
3 3: 2,86					4,29					2,57
3 4: 7,20					9,60					12,00
3 5: 0,00					0,00					0,00
3 6: 0,00					0,00					857,14
3 7: 4,57					5,14					5,14
3 8: 2,86					1,71					1,71
3 9: 5,71					0,00					0,00
3 10: 0,00					0,00					0,00
3 11: 1,71					2,57					0,86
3 12: 57,14					64,29					107,14
3 13: 51,43					42,86					51,43
3 14: 51,43					51,43					60,00
4 0: 20,00					8,00					8,00
4 1: 20,00					-8,00					-8,00
4 2: 0,00					4,00					4,00
4 3: 1,33					2,67					2,67
4 4: 4,00					2,00					2,00
4 5: 0,00					4,00					4,00
4 6: 0,00					266,67					266,67
4 7: 1,33					2,67					2,67
4 8: 1,33					0,00					0,00
4 9: 0,00					0,00					0,00
4 10: 0,00					0,00					0,00
4 11: 0,00					0,00					0,00
4 12: 33,33					33,33					33,33
4 13: 26,67					0,00					0,00
4 14: 13,33					40,00					40,00
5 0: 11,27					18,83					18,59
5 1: 0,00					4,41					2,97
5 2: 8,52					2,97					2,84
5 3: 0,20					0,18					0,17
5 4: 0,67					0,85					0,84
5 5: 0,00					0,00					0,00
5 6: 0,00					3,26					2,91
5 7: 0,05					0,02					0,03
5 8: 0,36					0,10					0,12
5 9: 1,97					1,50					1,60
5 10: 0,00					2,99					1,63
5 11: 0,22					0,31					0,31
5 12: 3,17					11,37					10,27
5 13: 4,28					6,52					6,56
5 14: 3,33					2,01					2,01
6 0: 12,00					20,00					20,00
6 1: 16,00					4,00					4,00
6 2: 16,00					0,00					0,00
6 3: 0,00					0,00					0,00
6 4: 28,00					4,00					4,00
6 5: 8,00					16,00					16,00
6 6: 8,00					16,00					16,00
6 7: 0,73					0,53					0,53
6 8: 11,33					8,80					8,80
6 9: 0,00					0,00					0,00
6 10: 0,00					4,00					4,00
6 11: 21,45					17,60					17,60
6 12: 0,00					266,67					266,67
7 0: 4,00					0,00					0,00
7 1: 4,00					0,00					0,00
7 2: 4,00					4,00					4,00
7 3: 0,00					4,00					4,00
7 4: 4,00					4,00					4,00
7 5: 0,00					4,00					4,00
7 6: 0,00					0,00					0,00
7 7: 0,00					0,00					0,00
7 8: 16,00					16,00					16,00
7 9: 0,00					0,00					0,00
7 10: 4,00					4,00					4,00
7 11: 20,00					16,00					16,00
7 12: 0,00					0,00					0,00
