Distance: 					1527,36					7241,68
0 0: 43,13					42,85					59,88
0 1: 1,09					2,00					2,00
0 2: 1,00					2,00					2,00
0 3: 3,00					2,00					2,00
0 4: 0,08					0,00					0,00
0 5: 0,00					0,00					0,00
0 6: 2,45					3,73					3,73
0 7: 1,83					3,43					3,43
0 8: 1,06					0,81					0,81
0 9: 7,00					8,00					8,00
1 0: 0,00					0,00					0,00
1 1: 0,00					0,00					0,00
1 2: 0,00					0,00					0,00
1 3: 0,00					0,00					0,00
1 4: 0,00					0,00					0,00
1 5: 0,00					0,00					0,00
1 6: 0,00					0,00					0,00
1 7: 0,00					0,00					0,00
1 8: 0,00					0,00					0,00
1 9: 0,00					0,00					0,00
2 0: 4,00					2,00					2,00
2 1: -8,00					2,00					2,00
2 2: 0,71					1,00					1,00
2 3: 0,71					1,00					1,00
2 4: 2,00					0,00					0,00
2 5: 2,00					0,00					0,00
2 6: 3,00					5,00					5,00
2 7: 8,00					6,00					6,00
2 8: 6,00					6,00					6,00
2 9: 15,00					9,00					9,00
2 10: 73,57					61,75					73,75
2 11: 4,17					4,75					4,75
2 12: 69,39					57,00					69,00
2 13: 64,57					59,75					71,75
3 0: 0,00					4,00					4,00
3 1: 0,00					9,00					9,00
3 2: 1,00					0,71					1,00
3 3: 1,00					1,00					0,75
3 4: 0,00					2,00					0,00
3 5: 0,00					0,00					2,00
3 6: 5,00					5,00					5,00
3 7: 12,00					14,00					12,00
3 8: 7,00					8,00					7,00
3 9: 21,00					22,00					21,00
3 10: 67,31					53,00					52,94
3 11: 5,44					6,50					6,44
3 12: 61,88					46,50					46,50
3 13: 58,31					51,00					50,94
4 0: 14,00					8,00					8,00
4 1: -4,00					0,00					0,00
4 2: 4,00					6,00					6,00
4 3: 0,45					0,80					0,80
4 4: 1,20					1,00					1,00
4 5: 0,00					2,00					2,00
4 6: 0,27					0,13					0,13
4 7: 0,64					0,53					0,53
4 8: 0,64					0,53					0,53
4 9: 0,09					0,00					0,00
4 10: 0,00					0,00					0,00
4 11: 0,09					0,80					0,80
4 12: 5,45					1,33					1,33
4 13: 8,18					4,00					4,00
4 14: 10,91					8,00					8,00
5 0: 28,00					28,00					32,00
5 1: -20,00					-20,00					32,00
5 2: 0,00					0,00					0,00
5 3: 1,14					1,14					0,57
5 4: 4,00					4,00					4,00
5 5: 0,00					0,00					0,00
5 6: 0,57					0,00					0,57
5 7: 1,14					0,57					0,57
5 8: 0,00					0,00					0,57
5 9: 0,57					0,57					0,00
5 10: 0,00					0,57					0,57
5 11: 0,00					0,57					0,57
5 12: 22,86					22,86					22,86
5 13: 28,57					17,14					17,14
5 14: 11,43					17,14					17,14
6 0: 59,50					64,00					109,50
6 1: 39,50					32,50					62,00
6 2: 2,00					4,50					4,50
6 3: 0,71					0,98					0,95
6 4: 3,46					3,00					2,96
6 5: 0,00					0,00					0,00
6 6: 0,07					0,00					0,00
6 7: 0,20					0,21					0,00
6 8: 0,96					0,62					0,44
6 9: 0,57					0,67					0,70
6 10: 0,00					0,00					0,29
6 11: 0,77					0,73					0,87
6 12: 15,02					17,73					19,87
6 13: 34,93					32,14					33,85
6 14: 2,65					4,51					3,08
7 0: 0,13					0,25					0,25
7 1: 3,00					1,43					1,43
7 2: 2,00					1,00					1,00
7 3: 0,00					0,00					0,00
7 4: 0,00					1,00					1,00
7 5: 5,00					4,62					5,62
7 6: 0,00					0,00					0,00
8 0: 0,50					0,50					1,00
8 1: 14,00					14,00					8,00
8 2: 16,00					20,00					20,00
8 3: 0,00					0,00					0,00
8 4: 4,00					0,00					0,00
8 5: 20,00					16,50					16,50
8 6: 0,00					0,50					1,00
9 0: 0,00					0,25					0,25
9 1: 4,00					1,50					1,50
9 2: 0,00					5,00					5,00
9 3: 0,00					0,00					0,00
9 4: 1,00					1,00					1,00
9 5: 4,25					3,75					3,75
9 6: 0,00					0,00					0,00
