Distance: 					536,60					3509,82
0 0: 43,13					43,13					43,13
0 1: 1,09					2,00					2,00
0 2: 1,00					2,00					2,00
0 3: 3,00					2,00					2,00
0 4: 0,08					0,00					0,00
0 5: 0,00					0,00					0,00
0 6: 2,45					3,73					3,73
0 7: 1,83					3,43					3,43
0 8: 1,06					0,81					0,81
0 9: 7,00					8,00					8,00
1 0: 0,00					0,00					0,00
1 1: 0,00					0,00					0,00
1 2: 0,00					0,00					0,00
1 3: 0,00					0,00					0,00
1 4: 0,00					0,00					0,00
1 5: 0,00					0,00					0,00
1 6: 0,00					0,00					0,00
1 7: 0,00					0,00					0,00
1 8: 0,00					0,00					0,00
1 9: 0,00					0,00					0,00
2 0: 4,00					1,00					1,00
2 1: -8,00					1,00					1,00
2 2: 0,71					1,00					1,00
2 3: 0,71					1,00					1,00
2 4: 2,00					0,00					0,00
2 5: 2,00					0,00					0,00
2 6: 3,00					5,00					5,00
2 7: 8,00					6,00					6,00
2 8: 6,00					6,00					6,00
2 9: 15,00					9,00					9,00
2 10: 73,57					73,00					73,00
2 11: 4,17					4,00					4,00
2 12: 69,39					69,00					69,00
2 13: 64,57					71,00					71,00
3 0: 0,00					1,00					7,00
3 1: 0,00					1,00					7,00
3 2: 1,00					0,67					1,00
3 3: 1,00					0,75					1,00
3 4: 0,00					2,00					0,00
3 5: 0,00					2,00					0,00
3 6: 5,00					4,00					5,00
3 7: 12,00					15,00					13,00
3 8: 7,00					9,00					8,00
3 9: 21,00					22,00					22,00
3 10: 67,31					63,94					62,81
3 11: 5,44					5,44					5,06
3 12: 61,88					58,50					57,75
3 13: 58,31					61,94					60,81
4 0: 14,00					8,00					8,00
4 1: -4,00					0,00					0,00
4 2: 4,00					6,00					6,00
4 3: 0,45					0,80					0,80
4 4: 1,20					1,00					1,00
4 5: 0,00					2,00					2,00
4 6: 0,27					0,13					0,13
4 7: 0,64					0,40					0,40
4 8: 0,64					0,53					0,53
4 9: 0,09					0,00					0,00
4 10: 0,00					0,00					0,00
4 11: 0,09					0,80					0,80
4 12: 5,45					2,67					2,67
4 13: 8,18					4,00					4,00
4 14: 10,91					8,00					8,00
5 0: 28,00					28,00					32,00
5 1: -20,00					-20,00					32,00
5 2: 0,00					0,00					0,00
5 3: 1,14					1,14					0,57
5 4: 4,00					4,00					4,00
5 5: 0,00					0,00					0,00
5 6: 0,57					0,00					0,00
5 7: 1,14					0,57					0,57
5 8: 0,00					0,57					0,57
5 9: 0,57					1,14					0,00
5 10: 0,00					0,00					0,57
5 11: 0,00					0,00					0,57
5 12: 22,86					17,14					22,86
5 13: 28,57					22,86					17,14
5 14: 11,43					17,14					17,14
6 0: 59,50					63,50					68,00
6 1: 39,50					34,50					38,50
6 2: 2,00					4,50					5,00
6 3: 0,71					1,07					1,10
6 4: 3,46					2,90					2,95
6 5: 0,00					0,00					0,50
6 6: 0,07					0,18					0,05
6 7: 0,20					0,07					0,07
6 8: 0,96					0,39					0,35
6 9: 0,57					0,88					0,57
6 10: 0,00					0,20					0,44
6 11: 0,77					0,95					0,77
6 12: 15,02					17,11					22,33
6 13: 34,93					31,92					32,63
6 14: 2,65					4,51					3,79
7 0: 0,13					0,25					0,25
7 1: 3,00					1,43					1,43
7 2: 2,00					1,00					1,00
7 3: 0,00					0,00					0,00
7 4: 0,00					1,00					1,00
7 5: 5,00					5,62					5,62
7 6: 0,00					0,00					0,00
8 0: 0,50					0,50					0,50
8 1: 14,00					14,00					14,00
8 2: 16,00					16,00					16,00
8 3: 0,00					0,00					0,00
8 4: 4,00					4,00					4,00
8 5: 20,00					20,00					20,00
8 6: 0,00					2,00					1,50
9 0: 0,00					0,25					0,25
9 1: 4,00					1,50					1,50
9 2: 0,00					3,00					6,00
9 3: 0,00					0,00					0,00
9 4: 1,00					1,00					1,00
9 5: 4,25					4,75					4,25
9 6: 0,00					0,00					0,00
