Distance: 					10139,38					123080,44
0 0: 82,50					84,93					49,64
0 1: 2,36					1,59					1,59
0 2: 2,00					3,00					3,00
0 3: 2,00					3,00					3,00
0 4: 0,22					0,36					0,36
0 5: 0,00					0,73					0,73
0 6: 2,95					3,33					3,33
0 7: 2,05					12,78					12,33
0 8: 0,75					1,81					1,81
0 9: 4,00					10,00					10,00
1 0: 0,00					0,00					0,00
1 1: 0,00					0,00					0,00
1 2: 0,00					0,00					0,00
1 3: 0,00					0,00					0,00
1 4: 0,00					0,00					0,00
1 5: 0,00					0,00					0,00
1 6: 0,00					0,00					0,00
1 7: 0,00					0,00					0,00
1 8: 0,00					0,00					0,00
1 9: 0,00					0,00					0,00
2 0: 0,00					8,00					5,00
2 1: 0,00					8,00					5,00
2 2: 0,62					1,00					0,67
2 3: 1,00					0,67					0,67
2 4: 3,00					0,00					2,00
2 5: 0,00					2,00					2,00
2 6: 5,00					7,00					7,00
2 7: 7,00					9,00					8,00
2 8: 6,00					8,00					8,00
2 9: 12,00					12,00					11,00
2 10: 61,82					63,77					64,14
2 11: 3,45					4,86					5,23
2 12: 58,36					58,91					58,91
2 13: 61,82					63,77					64,14
3 0: 0,00					10,00					11,00
3 1: 0,00					10,00					11,00
3 2: 0,67					1,00					1,00
3 3: 1,00					0,67					0,67
3 4: 4,00					0,00					0,00
3 5: 0,00					4,00					4,00
3 6: 3,00					3,00					3,00
3 7: 8,00					9,00					9,00
3 8: 7,00					7,00					7,00
3 9: 14,00					16,00					15,00
3 10: 59,83					66,75					67,17
3 11: 4,83					5,75					6,17
3 12: 55,00					61,00					61,00
3 13: 59,83					66,75					67,17
4 0: 112,00					128,00					128,00
4 1: -32,00					0,00					0,00
4 2: 0,00					32,00					48,00
4 3: 3,81					3,81					4,57
4 4: 16,00					9,60					8,00
4 5: 0,00					0,00					0,00
4 6: 76,19					76,19					76,19
4 7: 6,86					2,29					2,29
4 8: 2,29					6,10					4,57
4 9: 0,76					0,76					0,76
4 10: 0,00					0,00					0,00
4 11: 3,81					3,81					4,57
4 12: 114,29					152,38					190,48
4 13: 53,33					60,95					60,95
4 14: 68,57					60,95					53,33
5 0: 32,00					56,00					48,00
5 1: -32,00					-56,00					-48,00
5 2: 0,00					0,00					0,00
5 3: 2,67					2,67					2,67
5 4: 8,00					8,00					8,00
5 5: 0,00					0,00					0,00
5 6: 0,00					0,00					133,33
5 7: 2,67					2,67					0,00
5 8: 5,33					2,67					2,67
5 9: 0,00					2,67					0,00
5 10: 0,00					0,00					133,33
5 11: 0,00					0,00					0,00
5 12: 0,00					0,00					266,67
5 13: 26,67					26,67					26,67
5 14: 53,33					53,33					53,33
6 0: 5,39					6,95					6,81
6 1: 0,00					0,00					0,93
6 2: 8,74					6,16					2,42
6 3: 0,17					0,15					0,13
6 4: 0,41					0,46					0,60
6 5: 0,00					0,00					0,00
6 6: 0,55					1,78					3,01
6 7: 0,05					0,02					0,01
6 8: 0,28					0,26					0,28
6 9: 0,12					0,12					0,10
6 10: 0,00					1,28					2,85
6 11: 0,17					0,16					0,14
6 12: 2,80					7,30					8,66
6 13: 3,47					2,76					2,80
6 14: 1,55					2,80					2,91
7 0: 0,73					0,91					0,73
7 1: 7,50					9,14					9,14
7 2: 0,00					12,00					12,00
7 3: 0,00					0,00					0,00
7 4: 4,00					0,00					0,00
7 5: 19,45					19,64					19,64
7 6: 0,00					63,64					63,64
8 0: 0,00					0,00					0,00
8 1: 32,00					32,00					32,00
8 2: 40,00					48,00					48,00
8 3: 0,00					0,00					0,00
8 4: 8,00					8,00					8,00
8 5: 34,00					38,00					38,00
8 6: 0,00					0,00					0,00
9 0: 0,25					0,25					0,25
9 1: 2,25					2,25					2,25
9 2: 4,00					6,00					6,00
9 3: 0,00					0,00					0,00
9 4: 1,00					1,00					1,00
9 5: 5,00					5,33					5,33
9 6: 0,00					0,00					0,00
