Distance: 					86333,06					416077,21
0 0: 82,50					43,27					117,76
0 1: 2,36					1,68					2,23
0 2: 2,00					1,00					1,00
0 3: 2,00					2,00					3,00
0 4: 0,22					0,28					0,16
0 5: 0,00					0,73					0,00
0 6: 2,95					3,47					2,78
0 7: 2,05					8,60					3,62
0 8: 0,75					1,56					1,00
0 9: 4,00					9,00					6,00
1 0: 0,00					0,00					0,00
1 1: 0,00					0,00					0,00
1 2: 0,00					0,00					0,00
1 3: 0,00					0,00					0,00
1 4: 0,00					0,00					0,00
1 5: 0,00					0,00					0,00
1 6: 0,00					0,00					0,00
1 7: 0,00					0,00					0,00
1 8: 0,00					0,00					0,00
1 9: 0,00					0,00					0,00
2 0: 0,00					4,00					7,00
2 1: 0,00					4,00					9,00
2 2: 0,62					1,00					0,67
2 3: 1,00					1,00					0,75
2 4: 3,00					0,00					1,00
2 5: 0,00					0,00					1,00
2 6: 5,00					5,00					8,00
2 7: 7,00					11,00					13,00
2 8: 6,00					10,00					12,00
2 9: 12,00					12,00					12,00
2 10: 61,82					62,41					63,18
2 11: 3,45					5,14					5,91
2 12: 58,36					57,27					57,27
2 13: 61,82					62,41					63,18
3 0: 0,00					9,00					0,00
3 1: 0,00					9,00					11,00
3 2: 0,67					0,75					0,50
3 3: 1,00					0,75					1,00
3 4: 4,00					4,00					4,00
3 5: 0,00					4,00					0,00
3 6: 3,00					3,00					1,00
3 7: 8,00					5,00					11,00
3 8: 7,00					5,00					8,00
3 9: 14,00					14,00					22,00
3 10: 59,83					68,75					60,67
3 11: 4,83					4,75					5,67
3 12: 55,00					64,00					55,00
3 13: 59,83					68,75					60,67
4 0: 112,00					176,00					192,00
4 1: -32,00					0,00					16,00
4 2: 0,00					16,00					0,00
4 3: 3,81					3,05					2,29
4 4: 16,00					12,00					16,00
4 5: 0,00					0,00					0,00
4 6: 76,19					38,10					228,57
4 7: 6,86					0,00					0,76
4 8: 2,29					5,33					2,29
4 9: 0,76					0,76					0,76
4 10: 0,00					114,29					38,10
4 11: 3,81					3,05					1,52
4 12: 114,29					342,86					533,33
4 13: 53,33					68,57					76,19
4 14: 68,57					60,95					76,19
5 0: 32,00					32,00					112,00
5 1: -32,00					32,00					-112,00
5 2: 0,00					0,00					0,00
5 3: 2,67					2,67					2,67
5 4: 8,00					8,00					8,00
5 5: 0,00					0,00					0,00
5 6: 0,00					0,00					133,33
5 7: 2,67					0,00					0,00
5 8: 5,33					8,00					0,00
5 9: 0,00					0,00					0,00
5 10: 0,00					0,00					0,00
5 11: 0,00					0,00					0,00
5 12: 0,00					0,00					400,00
5 13: 26,67					53,33					26,67
5 14: 53,33					26,67					53,33
6 0: 5,39					9,72					9,73
6 1: 0,00					0,00					0,70
6 2: 8,74					3,74					2,68
6 3: 0,17					0,11					0,11
6 4: 0,41					0,50					0,56
6 5: 0,00					0,00					0,00
6 6: 0,55					2,24					1,02
6 7: 0,05					0,01					0,01
6 8: 0,28					0,25					0,24
6 9: 0,12					0,14					0,11
6 10: 0,00					0,81					0,99
6 11: 0,17					0,13					0,13
6 12: 2,80					8,48					9,31
6 13: 3,47					1,97					3,86
6 14: 1,55					3,84					1,86
7 0: 0,73					0,73					0,73
7 1: 7,50					11,33					14,40
7 2: 0,00					4,00					20,00
7 3: 0,00					0,00					0,00
7 4: 4,00					0,00					0,00
7 5: 19,45					18,91					19,09
7 6: 0,00					72,73					54,55
8 0: 0,00					2,00					0,00
8 1: 32,00					12,00					32,00
8 2: 40,00					24,00					16,00
8 3: 0,00					0,00					0,00
8 4: 8,00					0,00					0,00
8 5: 34,00					40,00					34,00
8 6: 0,00					0,00					100,00
9 0: 0,25					0,25					0,25
9 1: 2,25					2,25					2,25
9 2: 4,00					5,00					6,00
9 3: 0,00					0,00					0,00
9 4: 1,00					1,00					1,00
9 5: 5,00					5,33					5,33
9 6: 0,00					0,00					0,00
