Distance: 					1983,38					228929,83
0 0: 82,50					82,46					75,07
0 1: 2,36					1,32					1,32
0 2: 2,00					1,00					1,00
0 3: 2,00					1,00					1,00
0 4: 0,22					0,26					0,26
0 5: 0,00					0,73					0,73
0 6: 2,95					2,74					2,74
0 7: 2,05					4,93					4,93
0 8: 0,75					2,06					2,06
0 9: 4,00					9,00					9,00
1 0: 0,00					0,00					0,00
1 1: 0,00					0,00					0,00
1 2: 0,00					0,00					0,00
1 3: 0,00					0,00					0,00
1 4: 0,00					0,00					0,00
1 5: 0,00					0,00					0,00
1 6: 0,00					0,00					0,00
1 7: 0,00					0,00					0,00
1 8: 0,00					0,00					0,00
1 9: 0,00					0,00					0,00
2 0: 0,00					4,00					6,00
2 1: 0,00					4,00					6,00
2 2: 0,62					0,80					1,00
2 3: 1,00					0,80					1,00
2 4: 3,00					1,00					0,00
2 5: 0,00					1,00					0,00
2 6: 5,00					7,00					7,00
2 7: 7,00					9,00					9,00
2 8: 6,00					8,00					9,00
2 9: 12,00					13,00					13,00
2 10: 61,82					64,50					63,45
2 11: 3,45					5,59					5,09
2 12: 58,36					58,91					58,36
2 13: 61,82					64,50					63,45
3 0: 0,00					4,00					8,00
3 1: 0,00					4,00					0,00
3 2: 0,67					0,67					1,00
3 3: 1,00					0,67					1,00
3 4: 4,00					4,00					0,00
3 5: 0,00					4,00					0,00
3 6: 3,00					3,00					5,00
3 7: 8,00					8,00					7,00
3 8: 7,00					7,00					6,00
3 9: 14,00					14,00					12,00
3 10: 59,83					64,25					52,75
3 11: 4,83					5,25					3,75
3 12: 55,00					59,00					49,00
3 13: 59,83					64,25					52,75
4 0: 112,00					112,00					128,00
4 1: -32,00					-32,00					-64,00
4 2: 0,00					0,00					16,00
4 3: 3,81					2,29					3,05
4 4: 16,00					16,00					12,00
4 5: 0,00					0,00					0,00
4 6: 76,19					76,19					76,19
4 7: 6,86					3,05					2,29
4 8: 2,29					5,33					4,57
4 9: 0,76					3,05					0,76
4 10: 0,00					0,00					38,10
4 11: 3,81					2,29					2,29
4 12: 114,29					114,29					304,76
4 13: 53,33					60,95					60,95
4 14: 68,57					76,19					76,19
5 0: 32,00					32,00					40,00
5 1: -32,00					-32,00					40,00
5 2: 0,00					0,00					0,00
5 3: 2,67					2,67					2,67
5 4: 8,00					8,00					8,00
5 5: 0,00					0,00					0,00
5 6: 0,00					0,00					133,33
5 7: 2,67					2,67					0,00
5 8: 5,33					5,33					0,00
5 9: 0,00					0,00					0,00
5 10: 0,00					0,00					0,00
5 11: 0,00					0,00					0,00
5 12: 0,00					0,00					400,00
5 13: 26,67					26,67					53,33
5 14: 53,33					53,33					26,67
6 0: 5,39					6,73					13,39
6 1: 0,00					0,00					2,32
6 2: 8,74					7,38					1,46
6 3: 0,17					0,16					0,14
6 4: 0,41					0,45					0,66
6 5: 0,00					0,00					0,00
6 6: 0,55					1,23					1,56
6 7: 0,05					0,02					0,00
6 8: 0,28					0,28					0,28
6 9: 0,12					0,15					0,06
6 10: 0,00					1,06					5,17
6 11: 0,17					0,17					0,17
6 12: 2,80					5,36					11,42
6 13: 3,47					3,41					4,74
6 14: 1,55					2,23					1,27
7 0: 0,73					0,91					0,91
7 1: 7,50					11,33					11,33
7 2: 0,00					16,00					16,00
7 3: 0,00					0,00					0,00
7 4: 4,00					4,00					0,00
7 5: 19,45					19,64					19,45
7 6: 0,00					36,36					45,45
8 0: 0,00					0,00					2,00
8 1: 32,00					32,00					12,00
8 2: 40,00					40,00					0,00
8 3: 0,00					0,00					0,00
8 4: 8,00					8,00					8,00
8 5: 34,00					38,00					32,00
8 6: 0,00					0,00					0,00
9 0: 0,25					0,25					0,25
9 1: 2,25					2,25					2,25
9 2: 4,00					5,00					4,00
9 3: 0,00					0,00					0,00
9 4: 1,00					1,00					1,00
9 5: 5,00					5,00					4,00
9 6: 0,00					0,00					0,00
