Distance: 					448,59					1289143,08
0 0: 41,25					40,55					41,35
0 1: 1,18					0,84					0,82
0 2: 2,00					0,00					0,50
0 3: 2,00					1,50					0,50
0 4: 0,49					0,29					0,27
0 5: 0,00					0,45					0,36
0 6: 1,43					1,76					1,76
0 7: 1,82					3,30					3,30
0 8: 0,38					0,81					0,78
0 9: 1,00					4,00					4,00
1 0: 0,00					0,00					0,00
1 1: 0,00					0,00					0,00
1 2: 0,00					0,00					0,00
1 3: 0,00					0,00					0,00
1 4: 0,00					0,00					0,00
1 5: 0,00					0,00					0,00
1 6: 0,00					0,00					0,00
1 7: 0,00					0,00					0,00
1 8: 0,00					0,00					0,00
1 9: 0,00					0,00					0,00
2 0: 7,00					7,00					0,00
2 1: 7,00					7,00					9,00
2 2: 0,57					0,83					1,00
2 3: 0,57					0,83					1,00
2 4: 3,00					1,00					0,00
2 5: 3,00					1,00					0,00
2 6: 6,00					5,00					4,00
2 7: 7,00					7,00					7,00
2 8: 6,00					6,00					5,00
2 9: 12,00					12,00					13,00
2 10: 69,50					69,91					70,36
2 11: 5,14					6,09					4,91
2 12: 64,36					63,82					65,45
2 13: 69,50					69,91					70,36
3 0: 7,00					7,00					11,00
3 1: 7,00					7,00					11,00
3 2: 0,67					0,67					1,00
3 3: 0,67					0,67					1,00
3 4: 4,00					4,00					0,00
3 5: 4,00					4,00					0,00
3 6: 3,00					3,00					3,00
3 7: 8,00					8,00					7,00
3 8: 7,00					7,00					7,00
3 9: 14,00					14,00					11,00
3 10: 66,75					66,75					67,92
3 11: 5,75					5,75					6,92
3 12: 61,00					61,00					61,00
3 13: 66,75					66,75					67,92
4 0: 84,00					84,00					108,00
4 1: -24,00					-24,00					-48,00
4 2: 24,00					12,00					0,00
4 3: 2,86					2,86					1,71
4 4: 7,20					9,60					12,00
4 5: 0,00					0,00					0,00
4 6: 0,00					0,00					0,00
4 7: 4,57					2,86					1,71
4 8: 2,86					4,57					5,71
4 9: 5,71					5,71					11,43
4 10: 0,00					0,00					0,00
4 11: 1,71					1,71					1,71
4 12: 57,14					57,14					42,86
4 13: 51,43					51,43					57,14
4 14: 51,43					51,43					45,71
5 0: 20,00					20,00					12,00
5 1: 20,00					20,00					12,00
5 2: 0,00					0,00					0,00
5 3: 1,33					1,33					1,33
5 4: 4,00					4,00					4,00
5 5: 0,00					0,00					0,00
5 6: 0,00					0,00					533,33
5 7: 1,33					1,33					0,00
5 8: 1,33					1,33					1,33
5 9: 0,00					0,00					0,00
5 10: 0,00					0,00					0,00
5 11: 0,00					0,00					0,00
5 12: 33,33					33,33					66,67
5 13: 26,67					26,67					26,67
5 14: 13,33					13,33					13,33
6 0: 11,27					9,77					9,94
6 1: 0,00					0,00					1,16
6 2: 8,52					7,96					8,59
6 3: 0,20					0,18					0,18
6 4: 0,67					0,66					0,62
6 5: 0,00					0,00					0,00
6 6: 0,00					2,62					8,92
6 7: 0,05					0,11					0,07
6 8: 0,36					0,33					0,33
6 9: 1,97					1,87					1,28
6 10: 0,00					0,00					4,72
6 11: 0,22					0,19					0,18
6 12: 3,17					3,46					6,12
6 13: 4,28					4,55					4,62
6 14: 3,33					3,19					3,17
7 0: 12,00					12,00					24,00
7 1: 16,00					12,00					0,00
7 2: 16,00					8,00					16,00
7 3: 0,00					0,00					8,00
7 4: 28,00					24,00					16,00
7 5: 8,00					20,00					24,00
7 6: 8,00					12,00					0,00
7 7: 0,73					0,55					0,73
7 8: 11,33					11,33					9,14
7 9: 0,00					0,00					0,00
7 10: 0,00					0,00					4,00
7 11: 21,45					21,27					21,82
7 12: 0,00					0,00					0,00
8 0: 4,00					4,00					0,00
8 1: 4,00					4,00					4,00
8 2: 4,00					4,00					8,00
8 3: 0,00					0,00					0,00
8 4: 4,00					4,00					4,00
8 5: 0,00					0,00					0,00
8 6: 0,00					0,00					0,00
8 7: 0,00					0,00					1,00
8 8: 16,00					16,00					6,00
8 9: 0,00					0,00					0,00
8 10: 4,00					4,00					0,00
8 11: 20,00					20,00					20,00
8 12: 0,00					0,00					1000,00
9 0: 0,00					0,00					0,00
9 1: 0,00					0,00					0,00
9 2: 0,00					0,00					0,00
9 3: 0,00					0,00					0,00
9 4: 0,00					0,00					0,00
9 5: 0,00					0,00					0,00
9 6: 0,00					0,00					0,00
9 7: 0,00					0,00					0,00
9 8: 0,00					0,00					0,00
9 9: 0,00					0,00					0,00
9 10: 0,00					0,00					0,00
9 11: 0,00					0,00					0,00
9 12: 0,00					0,00					0,00
