Distance: 					1429,32					195826,03
0 0: 41,25					44,26					37,71
0 1: 1,18					0,89					0,89
0 2: 2,00					0,00					0,00
0 3: 2,00					1,50					1,50
0 4: 0,49					0,29					0,29
0 5: 0,00					0,45					0,45
0 6: 1,43					1,76					1,76
0 7: 1,82					3,30					3,30
0 8: 0,38					0,75					0,75
0 9: 1,00					4,00					4,00
1 0: 0,00					0,00					0,00
1 1: 0,00					0,00					0,00
1 2: 0,00					0,00					0,00
1 3: 0,00					0,00					0,00
1 4: 0,00					0,00					0,00
1 5: 0,00					0,00					0,00
1 6: 0,00					0,00					0,00
1 7: 0,00					0,00					0,00
1 8: 0,00					0,00					0,00
1 9: 0,00					0,00					0,00
2 0: 7,00					7,00					2,00
2 1: 7,00					7,00					7,00
2 2: 0,57					0,71					1,00
2 3: 0,57					0,71					1,00
2 4: 3,00					2,00					0,00
2 5: 3,00					2,00					0,00
2 6: 6,00					5,00					6,00
2 7: 7,00					6,00					10,00
2 8: 6,00					6,00					8,00
2 9: 12,00					9,00					13,00
2 10: 69,50					70,05					70,36
2 11: 5,14					5,14					5,45
2 12: 64,36					64,91					64,91
2 13: 69,50					70,05					70,36
3 0: 7,00					9,00					9,00
3 1: 7,00					9,00					9,00
3 2: 0,67					0,67					0,67
3 3: 0,67					0,67					0,67
3 4: 4,00					4,00					4,00
3 5: 4,00					4,00					4,00
3 6: 3,00					3,00					3,00
3 7: 8,00					8,00					8,00
3 8: 7,00					7,00					7,00
3 9: 14,00					14,00					14,00
3 10: 66,75					69,25					69,25
3 11: 5,75					5,25					5,25
3 12: 61,00					64,00					64,00
3 13: 66,75					69,25					69,25
4 0: 84,00					84,00					120,00
4 1: -24,00					0,00					36,00
4 2: 24,00					24,00					0,00
4 3: 2,86					2,86					1,71
4 4: 7,20					7,20					12,00
4 5: 0,00					0,00					0,00
4 6: 0,00					0,00					228,57
4 7: 4,57					2,29					1,71
4 8: 2,86					2,86					4,00
4 9: 5,71					11,43					17,14
4 10: 0,00					0,00					57,14
4 11: 1,71					2,86					0,57
4 12: 57,14					71,43					100,00
4 13: 51,43					51,43					62,86
4 14: 51,43					40,00					51,43
5 0: 20,00					20,00					20,00
5 1: 20,00					20,00					20,00
5 2: 0,00					0,00					0,00
5 3: 1,33					1,33					1,33
5 4: 4,00					4,00					4,00
5 5: 0,00					0,00					0,00
5 6: 0,00					0,00					0,00
5 7: 1,33					1,33					1,33
5 8: 1,33					1,33					1,33
5 9: 0,00					0,00					0,00
5 10: 0,00					0,00					0,00
5 11: 0,00					0,00					0,00
5 12: 33,33					33,33					33,33
5 13: 26,67					26,67					26,67
5 14: 13,33					13,33					13,33
6 0: 11,27					8,63					10,11
6 1: 0,00					0,00					0,00
6 2: 8,52					10,52					10,40
6 3: 0,20					0,20					0,20
6 4: 0,67					0,58					0,59
6 5: 0,00					0,00					0,00
6 6: 0,00					2,97					2,23
6 7: 0,05					0,08					0,06
6 8: 0,36					0,33					0,37
6 9: 1,97					1,72					1,57
6 10: 0,00					0,91					2,37
6 11: 0,22					0,21					0,22
6 12: 3,17					3,90					3,74
6 13: 4,28					3,69					3,75
6 14: 3,33					3,86					3,77
7 0: 12,00					16,00					12,00
7 1: 16,00					20,00					16,00
7 2: 16,00					0,00					12,00
7 3: 0,00					4,00					8,00
7 4: 28,00					28,00					16,00
7 5: 8,00					12,00					12,00
7 6: 8,00					8,00					12,00
7 7: 0,73					0,73					0,73
7 8: 11,33					9,14					14,40
7 9: 0,00					0,00					0,00
7 10: 0,00					0,00					4,00
7 11: 21,45					21,64					21,64
7 12: 0,00					0,00					363,64
8 0: 4,00					0,00					0,00
8 1: 4,00					4,00					4,00
8 2: 4,00					0,00					0,00
8 3: 0,00					4,00					4,00
8 4: 4,00					4,00					4,00
8 5: 0,00					4,00					4,00
8 6: 0,00					0,00					0,00
8 7: 0,00					0,00					0,00
8 8: 16,00					16,00					16,00
8 9: 0,00					0,00					0,00
8 10: 4,00					4,00					4,00
8 11: 20,00					20,00					20,00
8 12: 0,00					0,00					0,00
9 0: 0,00					0,00					0,00
9 1: 0,00					0,00					0,00
9 2: 0,00					0,00					0,00
9 3: 0,00					0,00					0,00
9 4: 0,00					0,00					0,00
9 5: 0,00					0,00					0,00
9 6: 0,00					0,00					0,00
9 7: 0,00					0,00					0,00
9 8: 0,00					0,00					0,00
9 9: 0,00					0,00					0,00
9 10: 0,00					0,00					0,00
9 11: 0,00					0,00					0,00
9 12: 0,00					0,00					0,00
