Distance: 					249,07					134359,29
0 0: 42,50					42,48					42,48
0 1: 3,76					2,53					2,53
0 2: 2,00					2,00					2,00
0 3: 8,00					2,00					2,00
0 4: 1,52					0,74					0,74
0 5: 0,00					0,00					0,00
0 6: 3,50					3,75					3,75
0 7: 5,25					5,06					5,06
0 8: 0,00					1,25					1,25
0 9: 0,00					3,00					3,00
1 0: 0,00					0,00					0,00
1 1: 0,00					0,00					0,00
1 2: 0,00					0,00					0,00
1 3: 0,00					0,00					0,00
1 4: 0,00					0,00					0,00
1 5: 0,00					0,00					0,00
1 6: 0,00					0,00					0,00
1 7: 0,00					0,00					0,00
1 8: 0,00					0,00					0,00
1 9: 0,00					0,00					0,00
2 0: 3,00					1,00					1,00
2 1: 3,00					1,00					1,00
2 2: 1,00					1,00					1,00
2 3: 1,00					1,00					1,00
2 4: 0,00					0,00					0,00
2 5: 0,00					0,00					0,00
2 6: 5,00					5,00					5,00
2 7: 7,00					8,00					8,00
2 8: 7,00					7,00					7,00
2 9: 10,00					12,00					12,00
2 10: 67,00					64,76					64,76
2 11: 6,29					5,47					5,47
2 12: 60,71					59,29					59,29
2 13: 60,00					57,76					57,76
3 0: 0,00					0,00					6,00
3 1: 3,00					3,00					-6,00
3 2: 1,00					1,00					1,00
3 3: 1,00					1,00					0,67
3 4: 0,00					0,00					0,00
3 5: 0,00					0,00					4,00
3 6: 4,00					4,00					3,00
3 7: 8,00					8,00					9,00
3 8: 7,00					7,00					8,00
3 9: 12,00					12,00					14,00
3 10: 52,25					52,00					52,33
3 11: 5,25					5,00					4,33
3 12: 47,00					47,00					48,00
3 13: 45,25					45,00					45,33
4 0: 48,00					48,00					48,00
4 1: -32,00					-32,00					-32,00
4 2: 16,00					16,00					16,00
4 3: 4,00					4,00					4,00
4 4: 12,00					12,00					12,00
4 5: 0,00					0,00					0,00
4 6: 200,00					200,00					200,00
4 7: 5,00					4,00					4,00
4 8: 3,00					4,00					4,00
4 9: 0,00					0,00					0,00
4 10: 0,00					0,00					0,00
4 11: 3,00					3,00					3,00
4 12: 250,00					250,00					250,00
4 13: 50,00					50,00					50,00
4 14: 80,00					80,00					80,00
5 0: 16,00					16,00					16,00
5 1: -16,00					-16,00					-8,00
5 2: 8,00					8,00					8,00
5 3: 5,33					5,33					5,33
5 4: 4,00					4,00					4,00
5 5: 8,00					8,00					8,00
5 6: 133,33					133,33					266,67
5 7: 5,33					5,33					0,00
5 8: 0,00					0,00					0,00
5 9: 0,00					0,00					0,00
5 10: 0,00					0,00					0,00
5 11: 0,00					0,00					0,00
5 12: 133,33					133,33					400,00
5 13: 0,00					0,00					26,67
5 14: 80,00					80,00					53,33
6 0: 11,65					10,81					11,12
6 1: 0,00					0,00					0,00
6 2: 3,72					3,23					3,23
6 3: 0,09					0,10					0,10
6 4: 0,38					0,42					0,42
6 5: 0,00					0,00					0,00
6 6: 0,98					0,30					1,57
6 7: 0,00					0,00					0,00
6 8: 0,21					0,21					0,18
6 9: 0,12					0,11					0,08
6 10: 0,18					0,15					0,76
6 11: 0,13					0,14					0,13
6 12: 6,46					6,68					10,89
6 13: 3,40					3,38					3,27
6 14: 1,57					1,64					1,75
7 0: 0,94					1,18					1,18
7 1: 8,00					8,00					8,00
7 2: 8,00					4,00					4,00
7 3: 0,00					0,00					0,00
7 4: 4,00					0,00					0,00
7 5: 18,59					17,88					17,88
7 6: 0,00					11,76					11,76
8 0: 0,00					0,00					2,00
8 1: 32,00					32,00					12,00
8 2: 40,00					40,00					16,00
8 3: 0,00					0,00					0,00
8 4: 8,00					8,00					0,00
8 5: 24,00					24,00					24,00
8 6: 0,00					0,00					200,00
9 0: 0,25					0,25					0,25
9 1: 2,25					2,25					2,25
9 2: 5,00					5,00					4,00
9 3: 0,00					0,00					0,00
9 4: 1,00					1,00					1,00
9 5: 3,67					3,67					3,00
9 6: 0,00					0,00					50,00
