Distance: 					12038,44					109327,17
0 0: 42,50					42,14					42,14
0 1: 3,76					2,35					2,24
0 2: 2,00					3,00					3,00
0 3: 8,00					3,00					3,00
0 4: 1,52					0,82					0,84
0 5: 0,00					0,00					0,00
0 6: 3,50					3,69					3,69
0 7: 5,25					5,34					5,46
0 8: 0,00					1,38					1,50
0 9: 0,00					6,00					6,00
1 0: 0,00					0,00					0,00
1 1: 0,00					0,00					0,00
1 2: 0,00					0,00					0,00
1 3: 0,00					0,00					0,00
1 4: 0,00					0,00					0,00
1 5: 0,00					0,00					0,00
1 6: 0,00					0,00					0,00
1 7: 0,00					0,00					0,00
1 8: 0,00					0,00					0,00
1 9: 0,00					0,00					0,00
2 0: 3,00					1,00					1,00
2 1: 3,00					1,00					-5,00
2 2: 1,00					0,50					1,00
2 3: 1,00					1,00					0,60
2 4: 0,00					2,00					0,00
2 5: 0,00					0,00					2,00
2 6: 5,00					4,00					4,00
2 7: 7,00					11,00					11,00
2 8: 7,00					8,00					8,00
2 9: 10,00					15,00					15,00
2 10: 67,00					66,88					67,18
2 11: 6,29					4,06					3,65
2 12: 60,71					62,82					63,53
2 13: 60,00					59,88					60,18
3 0: 0,00					8,00					8,00
3 1: 3,00					3,00					1,00
3 2: 1,00					1,00					1,00
3 3: 1,00					1,00					1,00
3 4: 0,00					0,00					0,00
3 5: 0,00					0,00					0,00
3 6: 4,00					4,00					3,00
3 7: 8,00					8,00					9,00
3 8: 7,00					7,00					7,00
3 9: 12,00					12,00					17,00
3 10: 52,25					48,58					47,42
3 11: 5,25					4,58					4,42
3 12: 47,00					44,00					43,00
3 13: 45,25					41,58					40,42
4 0: 48,00					128,00					128,00
4 1: -32,00					-48,00					112,00
4 2: 16,00					16,00					0,00
4 3: 4,00					3,00					2,00
4 4: 12,00					10,67					16,00
4 5: 0,00					0,00					0,00
4 6: 200,00					150,00					200,00
4 7: 5,00					1,00					1,00
4 8: 3,00					6,00					3,00
4 9: 0,00					4,00					2,00
4 10: 0,00					0,00					50,00
4 11: 3,00					0,00					1,00
4 12: 250,00					250,00					450,00
4 13: 50,00					80,00					80,00
4 14: 80,00					80,00					70,00
5 0: 16,00					16,00					48,00
5 1: -16,00					-16,00					-16,00
5 2: 8,00					8,00					8,00
5 3: 5,33					5,33					5,33
5 4: 4,00					4,00					4,00
5 5: 8,00					8,00					8,00
5 6: 133,33					133,33					0,00
5 7: 5,33					5,33					5,33
5 8: 0,00					0,00					0,00
5 9: 0,00					0,00					0,00
5 10: 0,00					0,00					133,33
5 11: 0,00					0,00					0,00
5 12: 133,33					133,33					133,33
5 13: 0,00					0,00					0,00
5 14: 80,00					80,00					80,00
6 0: 11,65					15,16					16,30
6 1: 0,00					-0,45					-0,45
6 2: 3,72					3,64					3,42
6 3: 0,09					0,10					0,10
6 4: 0,38					0,39					0,41
6 5: 0,00					0,00					0,00
6 6: 0,98					1,15					0,56
6 7: 0,00					0,00					0,00
6 8: 0,21					0,21					0,23
6 9: 0,12					0,10					0,10
6 10: 0,18					1,05					1,96
6 11: 0,13					0,12					0,12
6 12: 6,46					8,09					7,11
6 13: 3,40					3,40					3,40
6 14: 1,57					1,60					1,60
7 0: 0,94					0,71					0,71
7 1: 8,00					14,00					14,00
7 2: 8,00					20,00					16,00
7 3: 0,00					0,00					0,00
7 4: 4,00					4,00					0,00
7 5: 18,59					18,12					18,12
7 6: 0,00					35,29					35,29
8 0: 0,00					0,00					0,00
8 1: 32,00					32,00					32,00
8 2: 40,00					24,00					32,00
8 3: 0,00					0,00					0,00
8 4: 8,00					8,00					8,00
8 5: 24,00					24,00					22,00
8 6: 0,00					0,00					0,00
9 0: 0,25					0,25					0,25
9 1: 2,25					2,25					2,25
9 2: 5,00					5,00					5,00
9 3: 0,00					0,00					0,00
9 4: 1,00					1,00					1,00
9 5: 3,67					3,33					3,33
9 6: 0,00					0,00					0,00
