Distance: 					55335,97					314457,46
0 0: 42,50					35,49					48,92
0 1: 3,76					4,06					3,59
0 2: 2,00					3,00					4,00
0 3: 8,00					3,00					4,00
0 4: 1,52					1,04					0,83
0 5: 0,00					0,00					0,00
0 6: 3,50					3,67					4,46
0 7: 5,25					4,36					9,79
0 8: 0,00					0,31					1,00
0 9: 0,00					3,00					8,00
1 0: 0,00					0,00					0,00
1 1: 0,00					0,00					0,00
1 2: 0,00					0,00					0,00
1 3: 0,00					0,00					0,00
1 4: 0,00					0,00					0,00
1 5: 0,00					0,00					0,00
1 6: 0,00					0,00					0,00
1 7: 0,00					0,00					0,00
1 8: 0,00					0,00					0,00
1 9: 0,00					0,00					0,00
2 0: 3,00					1,00					8,00
2 1: 3,00					1,00					-4,00
2 2: 1,00					0,75					0,50
2 3: 1,00					0,75					0,50
2 4: 0,00					1,00					2,00
2 5: 0,00					1,00					2,00
2 6: 5,00					5,00					5,00
2 7: 7,00					7,00					10,00
2 8: 7,00					7,00					10,00
2 9: 10,00					10,00					11,00
2 10: 67,00					69,00					66,88
2 11: 6,29					6,18					5,47
2 12: 60,71					62,82					61,41
2 13: 60,00					62,00					59,88
3 0: 0,00					1,00					8,00
3 1: 3,00					1,00					-4,00
3 2: 1,00					1,00					0,50
3 3: 1,00					1,00					0,50
3 4: 0,00					0,00					8,00
3 5: 0,00					0,00					8,00
3 6: 4,00					3,00					4,00
3 7: 8,00					7,00					6,00
3 8: 7,00					6,00					6,00
3 9: 12,00					12,00					16,00
3 10: 52,25					54,17					52,67
3 11: 5,25					4,17					4,67
3 12: 47,00					50,00					48,00
3 13: 45,25					47,17					45,67
4 0: 48,00					160,00					160,00
4 1: -32,00					0,00					112,00
4 2: 16,00					32,00					0,00
4 3: 4,00					4,00					2,00
4 4: 12,00					8,00					16,00
4 5: 0,00					0,00					0,00
4 6: 200,00					50,00					150,00
4 7: 5,00					1,00					0,00
4 8: 3,00					4,00					0,00
4 9: 0,00					0,00					2,00
4 10: 0,00					0,00					150,00
4 11: 3,00					4,00					0,00
4 12: 250,00					350,00					700,00
4 13: 50,00					50,00					70,00
4 14: 80,00					70,00					90,00
5 0: 16,00					32,00					24,00
5 1: -16,00					-32,00					-24,00
5 2: 8,00					0,00					8,00
5 3: 5,33					2,67					5,33
5 4: 4,00					8,00					4,00
5 5: 8,00					0,00					8,00
5 6: 133,33					133,33					0,00
5 7: 5,33					0,00					0,00
5 8: 0,00					2,67					5,33
5 9: 0,00					0,00					0,00
5 10: 0,00					0,00					0,00
5 11: 0,00					2,67					2,67
5 12: 133,33					133,33					0,00
5 13: 0,00					0,00					0,00
5 14: 80,00					53,33					53,33
6 0: 11,65					12,40					12,31
6 1: 0,00					0,00					-0,57
6 2: 3,72					4,21					2,63
6 3: 0,09					0,10					0,10
6 4: 0,38					0,36					0,45
6 5: 0,00					0,00					0,00
6 6: 0,98					0,78					0,63
6 7: 0,00					0,00					0,00
6 8: 0,21					0,20					0,19
6 9: 0,12					0,09					0,08
6 10: 0,18					0,65					1,86
6 11: 0,13					0,12					0,13
6 12: 6,46					8,85					10,28
6 13: 3,40					3,40					3,44
6 14: 1,57					1,60					1,56
7 0: 0,94					0,94					0,71
7 1: 8,00					10,40					14,00
7 2: 8,00					8,00					20,00
7 3: 0,00					0,00					0,00
7 4: 4,00					4,00					0,00
7 5: 18,59					18,35					17,88
7 6: 0,00					82,35					70,59
8 0: 0,00					2,00					2,00
8 1: 32,00					12,00					12,00
8 2: 40,00					48,00					40,00
8 3: 0,00					0,00					0,00
8 4: 8,00					0,00					8,00
8 5: 24,00					24,00					24,00
8 6: 0,00					0,00					100,00
9 0: 0,25					0,25					0,25
9 1: 2,25					2,25					2,25
9 2: 5,00					6,00					5,00
9 3: 0,00					0,00					0,00
9 4: 1,00					1,00					1,00
9 5: 3,67					3,67					3,33
9 6: 0,00					0,00					16,67
