Distance: 					29,51					1200,47
0 0: 2,06					2,06					2,06
0 1: 0,59					0,53					0,52
0 2: 0,50					0,50					0,50
0 3: 0,50					0,50					0,50
0 4: 0,05					0,08					0,08
0 5: 0,00					0,09					0,09
0 6: 0,74					0,76					0,76
0 7: 0,13					0,21					0,22
0 8: 0,19					0,25					0,27
0 9: 1,00					1,00					1,00
1 0: 0,00					0,00					0,00
1 1: 0,00					0,00					0,00
1 2: 0,62					0,57					0,75
1 3: 1,00					1,00					1,00
1 4: 3,00					3,00					1,00
1 5: 0,00					0,00					0,00
1 6: 5,00					6,00					6,00
1 7: 7,00					7,00					13,00
1 8: 6,00					7,00					10,00
1 9: 12,00					13,00					16,00
1 10: 61,82					63,41					63,32
1 11: 3,45					3,95					5,50
1 12: 58,36					59,45					57,82
1 13: 61,82					63,41					63,32
2 0: 0,00					0,00					8,00
2 1: 0,00					0,00					8,00
2 2: 0,67					0,67					1,00
2 3: 1,00					1,00					1,00
2 4: 4,00					4,00					0,00
2 5: 0,00					0,00					0,00
2 6: 3,00					3,00					2,00
2 7: 8,00					8,00					10,00
2 8: 7,00					7,00					7,00
2 9: 14,00					14,00					19,00
2 10: 59,83					59,33					45,08
2 11: 4,83					4,33					5,08
2 12: 55,00					55,00					40,00
2 13: 59,83					59,33					45,08
3 0: 7,00					9,00					10,00
3 1: -2,00					0,00					8,00
3 2: 0,00					1,00					0,00
3 3: 0,24					0,19					0,14
3 4: 1,00					0,75					1,00
3 5: 0,00					0,00					0,00
3 6: 0,10					0,14					0,19
3 7: 0,43					0,00					0,05
3 8: 0,14					0,24					0,00
3 9: 0,05					0,14					0,10
3 10: 0,00					0,05					0,10
3 11: 0,24					0,19					0,10
3 12: 0,14					0,43					0,76
3 13: 0,33					0,43					0,48
3 14: 0,43					0,38					0,43
4 0: 4,00					5,00					12,00
4 1: -4,00					-5,00					-12,00
4 2: 0,00					0,00					0,00
4 3: 0,33					0,33					0,33
4 4: 1,00					1,00					1,00
4 5: 0,00					0,00					0,00
4 6: 0,00					0,00					0,00
4 7: 0,33					0,33					0,00
4 8: 0,67					0,33					0,33
4 9: 0,00					0,00					0,00
4 10: 0,00					0,00					0,00
4 11: 0,00					0,00					0,33
4 12: 0,00					0,33					0,33
4 13: 0,33					0,33					0,67
4 14: 0,67					0,67					0,33
5 0: 1,24					2,05					4,40
5 1: 0,00					0,10					0,00
5 2: 2,36					0,97					1,17
5 3: 0,04					0,03					0,02
5 4: 0,09					0,12					0,09
5 5: 0,00					0,00					0,00
5 6: 0,00					0,01					0,00
5 7: 0,01					0,00					0,00
5 8: 0,06					0,06					0,05
5 9: 0,03					0,02					0,03
5 10: 0,00					0,01					0,01
5 11: 0,04					0,03					0,03
5 12: 0,01					0,04					0,05
5 13: 0,08					0,09					0,11
5 14: 0,04					0,04					0,03
6 0: 8,00					7,00					7,00
6 1: 5,00					4,00					2,00
6 2: 3,00					3,00					3,00
6 3: 0,00					0,00					1,00
6 4: 2,00					3,00					2,00
6 5: 2,00					2,00					4,00
6 6: 2,00					3,00					3,00
6 7: 0,18					0,14					0,14
6 8: 1,88					2,83					4,75
6 9: 0,00					0,00					0,00
6 10: 1,00					1,00					1,00
6 11: 4,86					4,95					4,82
6 12: 0,00					0,32					0,41
7 0: 1,00					1,00					0,00
7 1: 0,00					0,00					2,00
7 2: 0,00					0,00					1,00
7 3: 1,00					1,00					1,00
7 4: 1,00					1,00					0,00
7 5: 1,00					1,00					0,00
7 6: 0,00					0,00					0,00
7 7: 0,00					0,00					0,00
7 8: 4,00					4,00					4,00
7 9: 0,00					0,00					0,00
7 10: 1,00					1,00					0,00
7 11: 4,25					4,25					3,25
7 12: 0,00					0,00					0,00
