Distance: 					608,51					1409794,47
0 0: 21,25					18,82					27,02
0 1: 1,88					0,82					0,94
0 2: 1,00					0,50					0,50
0 3: 4,00					0,50					1,00
0 4: 3,79					1,32					1,61
0 5: 0,00					0,00					0,00
0 6: 1,75					1,94					1,94
0 7: 13,12					19,34					20,59
0 8: 0,00					1,09					1,00
0 9: 0,00					4,50					5,50
1 0: 0,00					0,00					0,00
1 1: 0,00					0,00					0,00
1 2: 0,00					0,00					0,00
1 3: 0,00					0,00					0,00
1 4: 0,00					0,00					0,00
1 5: 0,00					0,00					0,00
1 6: 0,00					0,00					0,00
1 7: 0,00					0,00					0,00
1 8: 0,00					0,00					0,00
1 9: 0,00					0,00					0,00
2 0: 3,00					0,00					2,00
2 1: 3,00					0,00					2,00
2 2: 1,00					0,80					1,00
2 3: 1,00					0,80					1,00
2 4: 0,00					1,00					0,00
2 5: 0,00					1,00					0,00
2 6: 5,00					4,00					3,00
2 7: 7,00					7,00					9,00
2 8: 7,00					7,00					7,00
2 9: 10,00					11,00					13,00
2 10: 67,00					67,47					68,06
2 11: 6,29					6,06					6,65
2 12: 60,71					61,41					61,41
2 13: 60,00					60,47					61,06
3 0: 0,00					8,00					3,00
3 1: 3,00					3,00					3,00
3 2: 1,00					1,00					0,67
3 3: 1,00					1,00					0,67
3 4: 0,00					0,00					4,00
3 5: 0,00					0,00					4,00
3 6: 4,00					4,00					2,00
3 7: 8,00					8,00					9,00
3 8: 7,00					7,00					8,00
3 9: 12,00					12,00					12,00
3 10: 52,25					48,75					49,08
3 11: 5,25					4,75					5,08
3 12: 47,00					44,00					44,00
3 13: 45,25					41,75					42,08
4 0: 36,00					48,00					84,00
4 1: -24,00					-24,00					0,00
4 2: 12,00					12,00					12,00
4 3: 3,00					3,00					3,00
4 4: 9,00					9,00					9,00
4 5: 0,00					0,00					0,00
4 6: 600,00					600,00					300,00
4 7: 3,75					2,25					0,00
4 8: 2,25					3,75					5,25
4 9: 0,00					0,00					7,50
4 10: 0,00					0,00					150,00
4 11: 2,25					2,25					3,00
4 12: 93,75					93,75					75,00
4 13: 37,50					37,50					45,00
4 14: 60,00					60,00					45,00
5 0: 8,00					8,00					12,00
5 1: -8,00					-8,00					-12,00
5 2: 4,00					4,00					0,00
5 3: 2,67					2,67					1,33
5 4: 2,00					2,00					4,00
5 5: 4,00					4,00					0,00
5 6: 266,67					266,67					0,00
5 7: 2,67					2,67					1,33
5 8: 0,00					0,00					1,33
5 9: 0,00					0,00					0,00
5 10: 0,00					0,00					0,00
5 11: 0,00					0,00					0,00
5 12: 33,33					33,33					33,33
5 13: 0,00					0,00					13,33
5 14: 40,00					40,00					26,67
6 0: 16,53					21,08					21,80
6 1: 0,00					0,00					-0,73
6 2: 6,03					5,43					3,17
6 3: 0,13					0,13					0,14
6 4: 0,52					0,54					0,68
6 5: 0,00					0,00					0,00
6 6: 6,94					6,07					3,39
6 7: 0,01					0,01					0,00
6 8: 0,29					0,27					0,29
6 9: 1,62					1,48					1,19
6 10: 0,44					0,94					4,90
6 11: 0,19					0,17					0,20
6 12: 4,70					5,91					5,64
6 13: 4,67					4,72					4,72
6 14: 2,38					2,31					2,28
7 0: 16,00					20,00					16,00
7 1: 8,00					16,00					20,00
7 2: 16,00					8,00					12,00
7 3: 4,00					4,00					0,00
7 4: 4,00					4,00					8,00
7 5: 12,00					12,00					8,00
7 6: 8,00					4,00					4,00
7 7: 0,94					0,71					0,71
7 8: 8,00					10,40					8,00
7 9: 0,00					0,00					0,00
7 10: 4,00					4,00					0,00
7 11: 18,59					19,06					18,82
7 12: 0,00					0,00					470,59
8 0: 0,00					4,00					4,00
8 1: 0,00					4,00					4,00
8 2: 4,00					4,00					4,00
8 3: 4,00					4,00					4,00
8 4: 4,00					0,00					0,00
8 5: 4,00					0,00					0,00
8 6: 0,00					0,00					0,00
8 7: 0,00					0,00					1,00
8 8: 16,00					16,00					6,00
8 9: 0,00					0,00					0,00
8 10: 4,00					4,00					4,00
8 11: 12,00					12,00					12,00
8 12: 0,00					0,00					1000,00
9 0: 0,00					0,00					0,00
9 1: 0,00					0,00					0,00
9 2: 0,00					0,00					0,00
9 3: 0,00					0,00					0,00
9 4: 0,00					0,00					0,00
9 5: 0,00					0,00					0,00
9 6: 0,00					0,00					0,00
9 7: 0,00					0,00					0,00
9 8: 0,00					0,00					0,00
9 9: 0,00					0,00					0,00
9 10: 0,00					0,00					0,00
9 11: 0,00					0,00					0,00
9 12: 0,00					0,00					0,00
