Distance: 					1390,72					2858530,23
0 0: 21,25					17,52					15,58
0 1: 1,88					1,56					0,69
0 2: 1,00					2,00					0,50
0 3: 4,00					3,50					0,50
0 4: 3,79					2,70					0,62
0 5: 0,00					0,00					0,00
0 6: 1,75					2,31					2,14
0 7: 13,12					13,71					16,22
0 8: 0,00					0,50					0,62
0 9: 0,00					2,00					2,50
1 0: 10,00					15,58					15,58
1 1: 1,00					1,00					1,00
1 2: 1,00					1,00					1,00
1 3: 1,00					1,00					1,00
1 4: 0,00					0,00					0,00
1 5: 0,00					0,00					0,00
1 6: 1,00					1,00					1,00
1 7: 0,00					0,00					0,00
1 8: 0,00					0,00					0,00
1 9: 0,00					0,00					0,00
2 0: 3,00					3,00					4,00
2 1: 3,00					3,00					4,00
2 2: 1,00					1,00					1,00
2 3: 1,00					1,00					1,00
2 4: 0,00					0,00					0,00
2 5: 0,00					0,00					0,00
2 6: 5,00					5,00					5,00
2 7: 7,00					5,00					5,00
2 8: 7,00					5,00					5,00
2 9: 10,00					7,00					7,00
2 10: 67,00					66,56					55,62
2 11: 6,29					6,56					7,62
2 12: 60,71					60,00					48,00
2 13: 60,00					59,56					48,62
3 0: 0,00					3,00					9,00
3 1: 3,00					3,00					-3,00
3 2: 1,00					0,67					1,00
3 3: 1,00					1,00					0,67
3 4: 0,00					4,00					0,00
3 5: 0,00					0,00					4,00
3 6: 4,00					3,00					3,00
3 7: 8,00					8,00					9,00
3 8: 7,00					6,00					7,00
3 9: 12,00					15,00					18,00
3 10: 52,25					57,00					60,67
3 11: 5,25					6,00					5,67
3 12: 47,00					51,00					55,00
3 13: 45,25					50,00					53,67
4 0: 36,00					36,00					48,00
4 1: -24,00					-24,00					24,00
4 2: 12,00					0,00					0,00
4 3: 3,00					3,00					3,43
4 4: 9,00					12,00					12,00
4 5: 0,00					0,00					0,00
4 6: 600,00					600,00					342,86
4 7: 3,75					3,00					6,86
4 8: 2,25					1,50					1,71
4 9: 0,00					0,00					0,00
4 10: 0,00					0,00					0,00
4 11: 2,25					3,00					1,71
4 12: 93,75					112,50					42,86
4 13: 37,50					30,00					34,29
4 14: 60,00					60,00					68,57
5 0: 8,00					16,00					24,00
5 1: -8,00					-16,00					-24,00
5 2: 4,00					0,00					0,00
5 3: 2,67					1,33					1,33
5 4: 2,00					4,00					4,00
5 5: 4,00					0,00					0,00
5 6: 266,67					266,67					0,00
5 7: 2,67					0,00					0,00
5 8: 0,00					2,67					0,00
5 9: 0,00					0,00					0,00
5 10: 0,00					0,00					133,33
5 11: 0,00					0,00					1,33
5 12: 33,33					33,33					66,67
5 13: 0,00					0,00					0,00
5 14: 40,00					40,00					26,67
6 0: 16,53					6,10					5,38
6 1: 0,00					0,00					-0,31
6 2: 6,03					5,06					3,59
6 3: 0,13					0,14					0,14
6 4: 0,52					0,35					0,38
6 5: 0,00					0,00					0,00
6 6: 6,94					2,84					1,03
6 7: 0,01					0,00					0,00
6 8: 0,29					0,25					0,26
6 9: 1,62					1,34					1,20
6 10: 0,44					0,00					0,78
6 11: 0,19					0,15					0,15
6 12: 4,70					2,14					1,19
6 13: 4,67					2,41					1,36
6 14: 2,38					2,33					3,02
7 0: 16,00					8,00					8,00
7 1: 8,00					4,00					4,00
7 2: 16,00					8,00					8,00
7 3: 4,00					0,00					0,00
7 4: 4,00					0,00					0,00
7 5: 12,00					8,00					4,00
7 6: 8,00					8,00					8,00
7 7: 0,94					1,33					1,50
7 8: 8,00					6,00					5,00
7 9: 0,00					0,00					0,00
7 10: 4,00					4,00					4,00
7 11: 18,59					18,22					14,50
7 12: 0,00					0,00					0,00
8 0: 0,00					6,00					0,00
8 1: 0,00					0,00					12,00
8 2: 6,00					6,00					0,00
8 3: 6,00					0,00					0,00
8 4: 6,00					6,00					6,00
8 5: 6,00					6,00					6,00
8 6: 0,00					0,00					0,00
8 7: 0,00					0,00					1,50
8 8: 24,00					24,00					9,00
8 9: 0,00					0,00					0,00
8 10: 6,00					6,00					0,00
8 11: 18,00					21,00					22,50
8 12: 0,00					0,00					1500,00
9 0: 4,00					0,00					4,00
9 1: 0,00					0,00					4,00
9 2: 4,00					4,00					0,00
9 3: 0,00					0,00					0,00
9 4: 0,00					4,00					4,00
9 5: 4,00					0,00					0,00
9 6: 0,00					4,00					0,00
9 7: 0,25					0,25					0,25
9 8: 2,25					2,25					2,25
9 9: 0,00					0,00					0,00
9 10: 1,00					1,00					1,00
9 11: 3,67					4,00					4,67
9 12: 0,00					0,00					666,67
