Distance: 					33768,80					10388490,65
0 0: 21,25					11,12					30,11
0 1: 1,88					1,29					1,41
0 2: 1,00					1,50					0,00
0 3: 4,00					1,50					2,00
0 4: 3,79					1,92					2,15
0 5: 0,00					0,24					0,12
0 6: 1,75					2,18					1,97
0 7: 13,12					18,79					16,16
0 8: 0,00					0,62					0,47
0 9: 0,00					2,50					3,00
1 0: 10,00					5,23					14,17
1 1: 1,00					1,00					1,00
1 2: 1,00					1,00					1,00
1 3: 1,00					1,00					1,00
1 4: 0,00					0,00					0,00
1 5: 0,00					0,00					0,00
1 6: 1,00					1,00					1,00
1 7: 0,00					0,00					0,00
1 8: 0,00					0,00					0,00
1 9: 0,00					0,00					0,00
2 0: 3,00					3,00					3,00
2 1: 3,00					3,00					3,00
2 2: 1,00					1,00					0,75
2 3: 1,00					1,00					0,75
2 4: 0,00					0,00					1,00
2 5: 0,00					0,00					1,00
2 6: 5,00					4,00					5,00
2 7: 7,00					7,00					9,00
2 8: 7,00					6,00					8,00
2 9: 10,00					17,00					22,00
2 10: 67,00					66,35					66,41
2 11: 6,29					6,35					5,71
2 12: 60,71					60,00					60,71
2 13: 60,00					59,35					59,41
3 0: 0,00					8,00					8,00
3 1: 3,00					-4,00					-4,00
3 2: 1,00					1,00					0,67
3 3: 1,00					1,00					0,67
3 4: 0,00					0,00					4,00
3 5: 0,00					0,00					4,00
3 6: 4,00					3,00					2,00
3 7: 8,00					7,00					9,00
3 8: 7,00					6,00					8,00
3 9: 12,00					12,00					14,00
3 10: 52,25					38,75					53,67
3 11: 5,25					3,75					5,67
3 12: 47,00					35,00					48,00
3 13: 45,25					31,75					46,67
4 0: 36,00					156,00					264,00
4 1: -24,00					84,00					-84,00
4 2: 12,00					0,00					0,00
4 3: 3,00					1,50					1,50
4 4: 9,00					12,00					12,00
4 5: 0,00					0,00					0,00
4 6: 600,00					600,00					150,00
4 7: 3,75					2,25					2,25
4 8: 2,25					0,75					1,50
4 9: 0,00					15,00					15,00
4 10: 0,00					0,00					0,00
4 11: 2,25					1,50					1,50
4 12: 93,75					150,00					131,25
4 13: 37,50					52,50					52,50
4 14: 60,00					52,50					52,50
5 0: 8,00					16,00					12,00
5 1: -8,00					16,00					-4,00
5 2: 4,00					0,00					4,00
5 3: 2,67					1,33					2,67
5 4: 2,00					4,00					2,00
5 5: 4,00					0,00					4,00
5 6: 266,67					266,67					533,33
5 7: 2,67					0,00					0,00
5 8: 0,00					2,67					1,33
5 9: 0,00					0,00					0,00
5 10: 0,00					0,00					0,00
5 11: 0,00					0,00					0,00
5 12: 33,33					33,33					66,67
5 13: 0,00					26,67					0,00
5 14: 40,00					13,33					40,00
6 0: 16,53					27,40					17,95
6 1: 0,00					0,00					0,00
6 2: 6,03					7,10					6,06
6 3: 0,13					0,15					0,13
6 4: 0,52					0,49					0,51
6 5: 0,00					0,00					0,00
6 6: 6,94					10,21					6,64
6 7: 0,01					0,01					0,01
6 8: 0,29					0,28					0,26
6 9: 1,62					1,60					1,10
6 10: 0,44					2,40					2,83
6 11: 0,19					0,17					0,15
6 12: 4,70					5,98					7,58
6 13: 4,67					4,70					4,61
6 14: 2,38					2,43					2,44
7 0: 16,00					16,00					12,00
7 1: 8,00					16,00					8,00
7 2: 16,00					16,00					16,00
7 3: 4,00					4,00					8,00
7 4: 4,00					12,00					12,00
7 5: 12,00					0,00					8,00
7 6: 8,00					4,00					4,00
7 7: 0,94					0,71					0,71
7 8: 8,00					10,40					10,40
7 9: 0,00					0,00					0,00
7 10: 4,00					4,00					0,00
7 11: 18,59					18,82					18,35
7 12: 0,00					0,00					235,29
8 0: 0,00					0,00					0,00
8 1: 0,00					6,00					0,00
8 2: 6,00					0,00					6,00
8 3: 6,00					12,00					6,00
8 4: 6,00					6,00					0,00
8 5: 6,00					0,00					12,00
8 6: 0,00					0,00					0,00
8 7: 0,00					1,50					0,00
8 8: 24,00					9,00					24,00
8 9: 0,00					0,00					0,00
8 10: 6,00					0,00					0,00
8 11: 18,00					12,00					18,00
8 12: 0,00					0,00					3000,00
9 0: 4,00					4,00					4,00
9 1: 0,00					0,00					0,00
9 2: 4,00					0,00					4,00
9 3: 0,00					4,00					0,00
9 4: 0,00					0,00					0,00
9 5: 4,00					4,00					4,00
9 6: 0,00					0,00					0,00
9 7: 0,25					0,25					0,25
9 8: 2,25					2,25					2,25
9 9: 0,00					0,00					0,00
9 10: 1,00					1,00					1,00
9 11: 3,67					2,33					3,67
9 12: 0,00					0,00					1000,00
