Distance: 					16964,64					2898215,36
0 0: 21,25					9,93					13,29
0 1: 1,88					1,67					1,92
0 2: 1,00					1,00					1,50
0 3: 4,00					2,00					1,50
0 4: 3,79					8,06					8,52
0 5: 0,00					0,00					0,00
0 6: 1,75					2,50					2,77
0 7: 13,12					40,45					54,26
0 8: 0,00					0,59					0,56
0 9: 0,00					3,50					3,50
1 0: 10,00					6,62					8,86
1 1: 1,00					1,00					1,00
1 2: 1,00					1,00					1,00
1 3: 1,00					1,00					1,00
1 4: 0,00					0,00					0,00
1 5: 0,00					0,00					0,00
1 6: 1,00					1,00					1,00
1 7: 0,00					0,00					0,00
1 8: 0,00					0,00					0,00
1 9: 0,00					0,00					0,00
2 0: 3,00					9,00					8,00
2 1: 3,00					-3,00					-4,00
2 2: 1,00					0,40					0,67
2 3: 1,00					0,40					0,67
2 4: 0,00					3,00					1,00
2 5: 0,00					3,00					1,00
2 6: 5,00					4,00					2,00
2 7: 7,00					5,00					9,00
2 8: 7,00					5,00					7,00
2 9: 10,00					7,00					13,00
2 10: 67,00					88,00					89,42
2 11: 6,29					4,00					3,42
2 12: 60,71					84,00					86,00
2 13: 60,00					81,00					82,42
3 0: 0,00					0,00					6,00
3 1: 3,00					4,00					1,00
3 2: 1,00					1,00					1,00
3 3: 1,00					1,00					1,00
3 4: 0,00					0,00					0,00
3 5: 0,00					0,00					0,00
3 6: 4,00					4,00					2,00
3 7: 8,00					8,00					10,00
3 8: 7,00					7,00					9,00
3 9: 12,00					12,00					30,00
3 10: 52,25					28,58					42,67
3 11: 5,25					5,58					4,67
3 12: 47,00					23,00					38,00
3 13: 45,25					21,58					35,67
4 0: 36,00					84,00					132,00
4 1: -24,00					24,00					60,00
4 2: 12,00					0,00					0,00
4 3: 3,00					2,18					2,18
4 4: 9,00					12,00					12,00
4 5: 0,00					0,00					0,00
4 6: 600,00					654,55					218,18
4 7: 3,75					3,27					1,09
4 8: 2,25					1,09					3,27
4 9: 0,00					21,82					0,00
4 10: 0,00					0,00					0,00
4 11: 2,25					1,09					0,00
4 12: 93,75					109,09					190,91
4 13: 37,50					54,55					54,55
4 14: 60,00					54,55					65,45
5 0: 8,00					20,00					64,00
5 1: -8,00					20,00					24,00
5 2: 4,00					0,00					0,00
5 3: 2,67					1,33					1,33
5 4: 2,00					4,00					4,00
5 5: 4,00					0,00					0,00
5 6: 266,67					266,67					266,67
5 7: 2,67					1,33					0,00
5 8: 0,00					0,00					1,33
5 9: 0,00					0,00					0,00
5 10: 0,00					0,00					133,33
5 11: 0,00					0,00					0,00
5 12: 33,33					66,67					66,67
5 13: 0,00					13,33					40,00
5 14: 40,00					26,67					0,00
6 0: 16,53					45,02					37,38
6 1: 0,00					-0,59					-0,59
6 2: 6,03					4,38					6,06
6 3: 0,13					0,13					0,16
6 4: 0,52					0,46					0,45
6 5: 0,00					0,00					0,20
6 6: 6,94					4,41					3,25
6 7: 0,01					0,01					0,00
6 8: 0,29					0,24					0,25
6 9: 1,62					1,06					0,51
6 10: 0,44					4,35					5,72
6 11: 0,19					0,16					0,18
6 12: 4,70					4,57					5,18
6 13: 4,67					3,60					3,55
6 14: 2,38					2,10					1,82
7 0: 16,00					8,00					4,00
7 1: 8,00					0,00					4,00
7 2: 16,00					0,00					4,00
7 3: 4,00					4,00					12,00
7 4: 4,00					8,00					4,00
7 5: 12,00					20,00					12,00
7 6: 8,00					8,00					8,00
7 7: 0,94					0,67					0,33
7 8: 8,00					9,00					22,00
7 9: 0,00					0,00					0,00
7 10: 4,00					0,00					4,00
7 11: 18,59					24,67					25,00
7 12: 0,00					0,00					666,67
8 0: 0,00					0,00					6,00
8 1: 0,00					0,00					6,00
8 2: 6,00					6,00					0,00
8 3: 6,00					6,00					6,00
8 4: 6,00					6,00					6,00
8 5: 6,00					6,00					0,00
8 6: 0,00					0,00					0,00
8 7: 0,00					0,00					0,00
8 8: 24,00					24,00					24,00
8 9: 0,00					0,00					0,00
8 10: 6,00					6,00					6,00
8 11: 18,00					6,00					12,00
8 12: 0,00					0,00					1500,00
9 0: 4,00					0,00					4,00
9 1: 0,00					4,00					0,00
9 2: 4,00					0,00					4,00
9 3: 0,00					0,00					0,00
9 4: 0,00					4,00					4,00
9 5: 4,00					0,00					0,00
9 6: 0,00					4,00					0,00
9 7: 0,25					0,25					0,25
9 8: 2,25					2,25					2,25
9 9: 0,00					0,00					0,00
9 10: 1,00					1,00					1,00
9 11: 3,67					1,33					2,00
9 12: 0,00					0,00					0,00
