Distance: 					2191,27					3210961,70
0 0: 21,25					13,28					9,26
0 1: 1,88					1,56					1,50
0 2: 1,00					2,50					2,00
0 3: 4,00					3,00					4,50
0 4: 3,79					2,98					5,16
0 5: 0,00					0,00					0,00
0 6: 1,75					2,94					3,36
0 7: 13,12					27,15					71,22
0 8: 0,00					0,78					1,00
0 9: 0,00					3,50					7,00
1 0: 10,00					11,81					9,26
1 1: 1,00					1,00					1,00
1 2: 1,00					1,00					1,00
1 3: 1,00					1,00					1,00
1 4: 0,00					0,00					0,00
1 5: 0,00					0,00					0,00
1 6: 1,00					1,00					1,00
1 7: 0,00					0,00					0,00
1 8: 0,00					0,00					0,00
1 9: 0,00					0,00					0,00
2 0: 3,00					2,00					2,00
2 1: 3,00					2,00					2,00
2 2: 1,00					1,00					0,50
2 3: 1,00					1,00					0,50
2 4: 0,00					0,00					1,00
2 5: 0,00					0,00					1,00
2 6: 5,00					6,00					7,00
2 7: 7,00					6,00					7,00
2 8: 7,00					6,00					7,00
2 9: 10,00					9,00					9,00
2 10: 67,00					64,44					65,62
2 11: 6,29					4,44					5,62
2 12: 60,71					60,00					60,00
2 13: 60,00					57,44					58,62
3 0: 0,00					2,00					2,00
3 1: 3,00					2,00					2,00
3 2: 1,00					0,67					1,00
3 3: 1,00					0,67					1,00
3 4: 0,00					4,00					0,00
3 5: 0,00					4,00					0,00
3 6: 4,00					3,00					3,00
3 7: 8,00					8,00					7,00
3 8: 7,00					7,00					7,00
3 9: 12,00					13,00					20,00
3 10: 52,25					56,17					45,75
3 11: 5,25					5,17					5,75
3 12: 47,00					51,00					40,00
3 13: 45,25					49,17					38,75
4 0: 36,00					48,00					84,00
4 1: -24,00					-24,00					-12,00
4 2: 12,00					12,00					24,00
4 3: 3,00					3,00					5,14
4 4: 9,00					6,00					4,00
4 5: 0,00					0,00					12,00
4 6: 600,00					600,00					1028,57
4 7: 3,75					4,50					1,71
4 8: 2,25					3,00					3,43
4 9: 0,00					0,00					17,14
4 10: 0,00					0,00					0,00
4 11: 2,25					1,50					0,00
4 12: 93,75					75,00					128,57
4 13: 37,50					30,00					34,29
4 14: 60,00					75,00					85,71
5 0: 8,00					16,00					36,00
5 1: -8,00					-16,00					-36,00
5 2: 4,00					0,00					0,00
5 3: 2,67					1,33					1,33
5 4: 2,00					4,00					4,00
5 5: 4,00					0,00					0,00
5 6: 266,67					266,67					0,00
5 7: 2,67					1,33					0,00
5 8: 0,00					1,33					1,33
5 9: 0,00					0,00					0,00
5 10: 0,00					0,00					0,00
5 11: 0,00					0,00					1,33
5 12: 33,33					33,33					33,33
5 13: 0,00					0,00					0,00
5 14: 40,00					40,00					26,67
6 0: 16,53					5,74					9,15
6 1: 0,00					0,00					-0,40
6 2: 6,03					4,31					3,57
6 3: 0,13					0,13					0,13
6 4: 0,52					0,37					0,36
6 5: 0,00					0,00					0,00
6 6: 6,94					0,00					1,04
6 7: 0,01					0,02					0,00
6 8: 0,29					0,24					0,24
6 9: 1,62					1,05					0,92
6 10: 0,44					2,19					3,63
6 11: 0,19					0,15					0,13
6 12: 4,70					2,23					2,41
6 13: 4,67					2,47					2,24
6 14: 2,38					2,20					2,09
7 0: 16,00					4,00					8,00
7 1: 8,00					8,00					8,00
7 2: 16,00					0,00					0,00
7 3: 4,00					4,00					4,00
7 4: 4,00					8,00					4,00
7 5: 12,00					8,00					4,00
7 6: 8,00					4,00					4,00
7 7: 0,94					0,89					0,50
7 8: 8,00					9,33					14,00
7 9: 0,00					0,00					0,00
7 10: 4,00					4,00					4,00
7 11: 18,59					17,33					18,00
7 12: 0,00					0,00					500,00
8 0: 0,00					0,00					0,00
8 1: 0,00					6,00					0,00
8 2: 6,00					0,00					0,00
8 3: 6,00					0,00					0,00
8 4: 6,00					6,00					18,00
8 5: 6,00					6,00					0,00
8 6: 0,00					6,00					6,00
8 7: 0,00					0,00					1,50
8 8: 24,00					24,00					9,00
8 9: 0,00					0,00					0,00
8 10: 6,00					6,00					0,00
8 11: 18,00					19,50					13,50
8 12: 0,00					0,00					1500,00
9 0: 4,00					0,00					4,00
9 1: 0,00					4,00					4,00
9 2: 4,00					0,00					0,00
9 3: 0,00					4,00					0,00
9 4: 0,00					0,00					4,00
9 5: 4,00					4,00					0,00
9 6: 0,00					0,00					0,00
9 7: 0,25					0,25					0,25
9 8: 2,25					2,25					2,25
9 9: 0,00					0,00					0,00
9 10: 1,00					1,00					1,00
9 11: 3,67					4,00					3,67
9 12: 0,00					0,00					666,67
