Distance: 					4006,68					2725325,46
0 0: 41,25					32,83					34,39
0 1: 1,18					0,69					1,39
0 2: 2,00					0,50					1,00
0 3: 2,00					0,50					1,50
0 4: 2,47					0,50					1,19
0 5: 0,00					0,38					0,00
0 6: 1,43					1,62					1,50
0 7: 9,12					20,45					12,89
0 8: 0,38					1,03					0,50
0 9: 1,00					4,00					3,50
1 0: 15,00					12,51					12,51
1 1: 1,00					1,00					1,00
1 2: 1,00					1,00					1,00
1 3: 1,00					1,00					1,00
1 4: 0,00					0,00					0,00
1 5: 0,00					0,00					0,00
1 6: 1,00					1,00					1,00
1 7: 0,00					0,00					0,00
1 8: 0,00					0,00					0,00
1 9: 0,00					0,00					0,00
2 0: 7,00					7,00					0,00
2 1: 7,00					7,00					9,00
2 2: 0,57					0,57					1,00
2 3: 0,57					0,57					1,00
2 4: 3,00					3,00					0,00
2 5: 3,00					3,00					0,00
2 6: 6,00					5,00					7,00
2 7: 7,00					7,00					7,00
2 8: 6,00					7,00					7,00
2 9: 12,00					10,00					10,00
2 10: 69,50					82,10					68,95
2 11: 5,14					6,10					5,14
2 12: 64,36					76,00					63,82
2 13: 69,50					82,10					68,95
3 0: 7,00					4,00					7,00
3 1: 7,00					7,00					7,00
3 2: 0,67					1,00					1,00
3 3: 0,67					1,00					0,67
3 4: 4,00					0,00					0,00
3 5: 4,00					0,00					4,00
3 6: 3,00					3,00					3,00
3 7: 8,00					9,00					9,00
3 8: 7,00					6,00					8,00
3 9: 14,00					19,00					25,00
3 10: 66,75					70,50					68,33
3 11: 5,75					4,50					5,33
3 12: 61,00					66,00					63,00
3 13: 66,75					70,50					68,33
4 0: 84,00					108,00					120,00
4 1: -24,00					0,00					-60,00
4 2: 24,00					24,00					0,00
4 3: 2,86					3,00					2,29
4 4: 7,20					7,20					12,00
4 5: 0,00					0,00					0,00
4 6: 0,00					0,00					114,29
4 7: 4,57					2,40					2,29
4 8: 2,86					2,40					2,29
4 9: 5,71					6,00					0,00
4 10: 0,00					0,00					0,00
4 11: 1,71					3,00					2,29
4 12: 57,14					90,00					128,57
4 13: 51,43					42,00					51,43
4 14: 51,43					48,00					45,71
5 0: 20,00					28,00					60,00
5 1: 20,00					28,00					-60,00
5 2: 0,00					0,00					0,00
5 3: 1,33					1,33					1,33
5 4: 4,00					4,00					4,00
5 5: 0,00					0,00					0,00
5 6: 0,00					0,00					0,00
5 7: 1,33					0,00					0,00
5 8: 1,33					1,33					1,33
5 9: 0,00					13,33					13,33
5 10: 0,00					0,00					0,00
5 11: 0,00					0,00					0,00
5 12: 33,33					33,33					33,33
5 13: 26,67					26,67					13,33
5 14: 13,33					13,33					26,67
6 0: 11,27					18,53					12,64
6 1: 0,00					0,62					0,00
6 2: 8,52					6,16					8,33
6 3: 0,20					0,16					0,18
6 4: 0,67					0,65					0,64
6 5: 0,00					0,00					0,00
6 6: 0,00					3,77					5,90
6 7: 0,05					0,03					0,02
6 8: 0,36					0,32					0,34
6 9: 1,97					1,82					1,72
6 10: 0,00					2,87					0,56
6 11: 0,22					0,20					0,21
6 12: 3,17					5,21					5,38
6 13: 4,28					5,60					3,68
6 14: 3,33					2,26					4,11
7 0: 12,00					12,00					16,00
7 1: 16,00					8,00					12,00
7 2: 16,00					4,00					16,00
7 3: 0,00					4,00					8,00
7 4: 28,00					28,00					12,00
7 5: 8,00					16,00					16,00
7 6: 8,00					12,00					8,00
7 7: 0,73					0,76					0,91
7 8: 11,33					10,67					9,14
7 9: 0,00					0,00					0,00
7 10: 0,00					0,00					4,00
7 11: 21,45					25,33					21,27
7 12: 0,00					0,00					0,00
8 0: 6,00					12,00					6,00
8 1: 6,00					0,00					6,00
8 2: 6,00					0,00					0,00
8 3: 0,00					0,00					0,00
8 4: 6,00					6,00					6,00
8 5: 0,00					6,00					6,00
8 6: 0,00					0,00					0,00
8 7: 0,00					0,00					0,00
8 8: 24,00					24,00					24,00
8 9: 0,00					0,00					0,00
8 10: 6,00					6,00					6,00
8 11: 30,00					31,50					30,00
8 12: 0,00					0,00					1500,00
9 0: 4,00					4,00					0,00
9 1: 0,00					0,00					4,00
9 2: 4,00					4,00					0,00
9 3: 0,00					0,00					0,00
9 4: 4,00					4,00					4,00
9 5: 0,00					0,00					4,00
9 6: 0,00					0,00					0,00
9 7: 0,25					0,25					0,25
9 8: 2,25					2,25					2,25
9 9: 0,00					0,00					0,00
9 10: 1,00					1,00					1,00
9 11: 5,00					5,00					6,00
9 12: 0,00					0,00					666,67
