Distance: 					725,62					2697646,95
0 0: 41,25					42,82					52,33
0 1: 1,18					0,75					0,73
0 2: 2,00					0,50					0,50
0 3: 2,00					0,50					0,50
0 4: 2,47					0,78					0,50
0 5: 0,00					0,11					0,00
0 6: 1,43					1,62					1,40
0 7: 9,12					15,16					11,58
0 8: 0,38					1,09					0,94
0 9: 1,00					3,00					4,00
1 0: 15,00					19,03					19,03
1 1: 1,00					1,00					1,00
1 2: 1,00					1,00					1,00
1 3: 1,00					1,00					1,00
1 4: 0,00					0,00					0,00
1 5: 0,00					0,00					0,00
1 6: 1,00					1,00					1,00
1 7: 0,00					0,00					0,00
1 8: 0,00					0,00					0,00
1 9: 0,00					0,00					0,00
2 0: 7,00					7,00					7,00
2 1: 7,00					7,00					7,00
2 2: 0,57					0,80					0,83
2 3: 0,57					0,80					0,83
2 4: 3,00					1,00					1,00
2 5: 3,00					1,00					1,00
2 6: 6,00					4,00					4,00
2 7: 7,00					6,00					7,00
2 8: 6,00					6,00					7,00
2 9: 12,00					10,00					10,00
2 10: 69,50					69,78					69,95
2 11: 5,14					5,11					4,50
2 12: 64,36					64,67					65,45
2 13: 69,50					69,78					69,95
3 0: 7,00					9,00					9,00
3 1: 7,00					9,00					9,00
3 2: 0,67					1,00					1,00
3 3: 0,67					1,00					1,00
3 4: 4,00					0,00					0,00
3 5: 4,00					0,00					0,00
3 6: 3,00					3,00					3,00
3 7: 8,00					9,00					7,00
3 8: 7,00					7,00					6,00
3 9: 14,00					14,00					12,00
3 10: 66,75					67,08					78,42
3 11: 5,75					5,08					4,42
3 12: 61,00					62,00					74,00
3 13: 66,75					67,08					78,42
4 0: 84,00					96,00					96,00
4 1: -24,00					-24,00					-24,00
4 2: 24,00					24,00					0,00
4 3: 2,86					3,53					2,86
4 4: 7,20					7,20					12,00
4 5: 0,00					0,00					0,00
4 6: 0,00					0,00					0,00
4 7: 4,57					5,65					4,00
4 8: 2,86					1,41					0,57
4 9: 5,71					7,06					17,14
4 10: 0,00					0,00					0,00
4 11: 1,71					2,12					2,86
4 12: 57,14					52,94					71,43
4 13: 51,43					49,41					45,71
4 14: 51,43					49,41					45,71
5 0: 20,00					20,00					12,00
5 1: 20,00					20,00					12,00
5 2: 0,00					0,00					0,00
5 3: 1,33					1,33					1,33
5 4: 4,00					4,00					4,00
5 5: 0,00					0,00					0,00
5 6: 0,00					0,00					0,00
5 7: 1,33					2,67					0,00
5 8: 1,33					0,00					1,33
5 9: 0,00					0,00					0,00
5 10: 0,00					0,00					0,00
5 11: 0,00					0,00					1,33
5 12: 33,33					33,33					33,33
5 13: 26,67					26,67					26,67
5 14: 13,33					13,33					0,00
6 0: 11,27					8,03					14,83
6 1: 0,00					0,60					-1,74
6 2: 8,52					9,29					3,19
6 3: 0,20					0,19					0,16
6 4: 0,67					0,54					0,81
6 5: 0,00					0,00					0,00
6 6: 0,00					1,17					4,44
6 7: 0,05					0,07					0,03
6 8: 0,36					0,32					0,29
6 9: 1,97					1,75					1,21
6 10: 0,00					0,00					6,35
6 11: 0,22					0,20					0,18
6 12: 3,17					2,58					8,22
6 13: 4,28					3,94					1,97
6 14: 3,33					2,86					5,93
7 0: 12,00					16,00					20,00
7 1: 16,00					12,00					20,00
7 2: 16,00					4,00					4,00
7 3: 0,00					0,00					4,00
7 4: 28,00					20,00					24,00
7 5: 8,00					16,00					12,00
7 6: 8,00					4,00					4,00
7 7: 0,73					0,44					0,55
7 8: 11,33					15,00					9,14
7 9: 0,00					0,00					0,00
7 10: 0,00					0,00					0,00
7 11: 21,45					21,56					21,82
7 12: 0,00					0,00					0,00
8 0: 6,00					6,00					0,00
8 1: 6,00					6,00					6,00
8 2: 6,00					0,00					0,00
8 3: 0,00					6,00					12,00
8 4: 6,00					6,00					0,00
8 5: 0,00					0,00					0,00
8 6: 0,00					0,00					6,00
8 7: 0,00					0,00					1,50
8 8: 24,00					24,00					9,00
8 9: 0,00					0,00					0,00
8 10: 6,00					6,00					0,00
8 11: 30,00					30,00					34,50
8 12: 0,00					0,00					1500,00
9 0: 4,00					4,00					4,00
9 1: 0,00					0,00					4,00
9 2: 4,00					4,00					0,00
9 3: 0,00					0,00					4,00
9 4: 4,00					4,00					0,00
9 5: 0,00					0,00					0,00
9 6: 0,00					0,00					0,00
9 7: 0,25					0,25					0,25
9 8: 2,25					2,25					2,25
9 9: 0,00					0,00					0,00
9 10: 1,00					1,00					1,00
9 11: 5,00					5,00					6,00
9 12: 0,00					0,00					666,67
