Distance: 					363,86					1285116,65
0 0: 41,25					43,22					25,78
0 1: 1,18					0,68					0,75
0 2: 2,00					0,50					0,50
0 3: 2,00					0,50					0,50
0 4: 2,47					0,37					0,55
0 5: 0,00					0,00					0,09
0 6: 1,43					1,38					1,45
0 7: 9,12					9,26					9,73
0 8: 0,38					0,91					0,91
0 9: 1,00					3,50					2,50
1 0: 0,00					0,00					0,00
1 1: 0,00					0,00					0,00
1 2: 0,00					0,00					0,00
1 3: 0,00					0,00					0,00
1 4: 0,00					0,00					0,00
1 5: 0,00					0,00					0,00
1 6: 0,00					0,00					0,00
1 7: 0,00					0,00					0,00
1 8: 0,00					0,00					0,00
1 9: 0,00					0,00					0,00
2 0: 7,00					7,00					7,00
2 1: 7,00					7,00					7,00
2 2: 0,57					0,67					0,60
2 3: 0,57					0,67					0,67
2 4: 3,00					2,00					2,00
2 5: 3,00					2,00					2,00
2 6: 6,00					7,00					5,00
2 7: 7,00					8,00					11,00
2 8: 6,00					6,00					9,00
2 9: 12,00					14,00					17,00
2 10: 69,50					68,82					57,14
2 11: 5,14					5,00					4,77
2 12: 64,36					63,82					52,36
2 13: 69,50					68,82					57,14
3 0: 7,00					9,00					9,00
3 1: 7,00					9,00					9,00
3 2: 0,67					0,67					1,00
3 3: 0,67					1,00					1,00
3 4: 4,00					4,00					0,00
3 5: 4,00					0,00					0,00
3 6: 3,00					3,00					2,00
3 7: 8,00					8,00					10,00
3 8: 7,00					6,00					10,00
3 9: 14,00					16,00					11,00
3 10: 66,75					67,50					66,67
3 11: 5,75					4,50					5,67
3 12: 61,00					63,00					61,00
3 13: 66,75					67,50					66,67
4 0: 84,00					84,00					120,00
4 1: -24,00					-24,00					36,00
4 2: 24,00					24,00					24,00
4 3: 2,86					2,86					2,29
4 4: 7,20					7,20					6,00
4 5: 0,00					0,00					0,00
4 6: 0,00					0,00					228,57
4 7: 4,57					4,57					1,71
4 8: 2,86					2,86					4,00
4 9: 5,71					5,71					0,00
4 10: 0,00					0,00					114,29
4 11: 1,71					1,71					0,00
4 12: 57,14					57,14					157,14
4 13: 51,43					51,43					62,86
4 14: 51,43					51,43					57,14
5 0: 20,00					20,00					12,00
5 1: 20,00					20,00					12,00
5 2: 0,00					0,00					0,00
5 3: 1,33					1,33					1,33
5 4: 4,00					4,00					4,00
5 5: 0,00					0,00					0,00
5 6: 0,00					0,00					266,67
5 7: 1,33					1,33					1,33
5 8: 1,33					1,33					1,33
5 9: 0,00					0,00					0,00
5 10: 0,00					0,00					0,00
5 11: 0,00					0,00					0,00
5 12: 33,33					33,33					33,33
5 13: 26,67					26,67					26,67
5 14: 13,33					13,33					13,33
6 0: 11,27					10,39					16,51
6 1: 0,00					0,00					-0,94
6 2: 8,52					8,88					2,86
6 3: 0,20					0,20					0,17
6 4: 0,67					0,63					0,85
6 5: 0,00					0,00					0,00
6 6: 0,00					2,16					5,32
6 7: 0,05					0,11					0,01
6 8: 0,36					0,33					0,34
6 9: 1,97					1,72					1,27
6 10: 0,00					0,00					10,56
6 11: 0,22					0,20					0,21
6 12: 3,17					4,02					7,46
6 13: 4,28					4,27					2,12
6 14: 3,33					3,38					6,12
7 0: 12,00					12,00					12,00
7 1: 16,00					12,00					20,00
7 2: 16,00					16,00					12,00
7 3: 0,00					8,00					8,00
7 4: 28,00					24,00					28,00
7 5: 8,00					16,00					4,00
7 6: 8,00					0,00					4,00
7 7: 0,73					0,73					0,55
7 8: 11,33					9,14					14,40
7 9: 0,00					0,00					0,00
7 10: 0,00					0,00					0,00
7 11: 21,45					21,27					17,45
7 12: 0,00					0,00					363,64
8 0: 4,00					4,00					4,00
8 1: 4,00					4,00					4,00
8 2: 4,00					0,00					4,00
8 3: 0,00					4,00					4,00
8 4: 4,00					0,00					0,00
8 5: 0,00					4,00					0,00
8 6: 0,00					0,00					0,00
8 7: 0,00					0,00					0,00
8 8: 16,00					16,00					16,00
8 9: 0,00					0,00					0,00
8 10: 4,00					4,00					4,00
8 11: 20,00					20,00					20,00
8 12: 0,00					0,00					1000,00
9 0: 0,00					0,00					0,00
9 1: 0,00					0,00					0,00
9 2: 0,00					0,00					0,00
9 3: 0,00					0,00					0,00
9 4: 0,00					0,00					0,00
9 5: 0,00					0,00					0,00
9 6: 0,00					0,00					0,00
9 7: 0,00					0,00					0,00
9 8: 0,00					0,00					0,00
9 9: 0,00					0,00					0,00
9 10: 0,00					0,00					0,00
9 11: 0,00					0,00					0,00
9 12: 0,00					0,00					0,00
