Distance: 					572,84					2749487,89
0 0: 41,25					40,01					35,68
0 1: 1,18					0,69					0,90
0 2: 2,00					0,50					1,00
0 3: 2,00					0,50					3,00
0 4: 2,47					0,70					1,02
0 5: 0,00					0,11					0,00
0 6: 1,43					1,56					1,93
0 7: 9,12					12,91					17,45
0 8: 0,38					1,09					1,12
0 9: 1,00					3,00					4,50
1 0: 15,00					17,78					19,03
1 1: 1,00					1,00					1,00
1 2: 1,00					1,00					1,00
1 3: 1,00					1,00					1,00
1 4: 0,00					0,00					0,00
1 5: 0,00					0,00					0,00
1 6: 1,00					1,00					1,00
1 7: 0,00					0,00					0,00
1 8: 0,00					0,00					0,00
1 9: 0,00					0,00					0,00
2 0: 7,00					2,00					10,00
2 1: 7,00					7,00					10,00
2 2: 0,57					1,00					0,75
2 3: 0,57					1,00					0,75
2 4: 3,00					0,00					1,00
2 5: 3,00					0,00					1,00
2 6: 6,00					6,00					3,00
2 7: 7,00					7,00					9,00
2 8: 6,00					7,00					8,00
2 9: 12,00					10,00					12,00
2 10: 69,50					69,44					69,93
2 11: 5,14					5,44					6,73
2 12: 64,36					64,00					63,20
2 13: 69,50					69,44					69,93
3 0: 7,00					7,00					5,00
3 1: 7,00					7,00					10,00
3 2: 0,67					0,67					0,50
3 3: 0,67					0,67					1,00
3 4: 4,00					4,00					4,00
3 5: 4,00					4,00					0,00
3 6: 3,00					3,00					1,00
3 7: 8,00					8,00					11,00
3 8: 7,00					7,00					9,00
3 9: 14,00					14,00					17,00
3 10: 66,75					66,75					64,67
3 11: 5,75					5,75					5,67
3 12: 61,00					61,00					59,00
3 13: 66,75					66,75					64,67
4 0: 84,00					96,00					84,00
4 1: -24,00					-24,00					48,00
4 2: 24,00					24,00					0,00
4 3: 2,86					2,82					2,57
4 4: 7,20					6,00					12,00
4 5: 0,00					0,00					0,00
4 6: 0,00					0,00					342,86
4 7: 4,57					3,53					1,71
4 8: 2,86					4,24					5,14
4 9: 5,71					7,06					8,57
4 10: 0,00					0,00					0,00
4 11: 1,71					1,41					2,57
4 12: 57,14					52,94					42,86
4 13: 51,43					56,47					34,29
4 14: 51,43					49,41					60,00
5 0: 20,00					20,00					24,00
5 1: 20,00					20,00					24,00
5 2: 0,00					0,00					0,00
5 3: 1,33					1,33					1,33
5 4: 4,00					4,00					4,00
5 5: 0,00					0,00					0,00
5 6: 0,00					0,00					266,67
5 7: 1,33					1,33					0,00
5 8: 1,33					1,33					1,33
5 9: 0,00					0,00					0,00
5 10: 0,00					0,00					133,33
5 11: 0,00					0,00					0,00
5 12: 33,33					33,33					66,67
5 13: 26,67					26,67					26,67
5 14: 13,33					13,33					13,33
6 0: 11,27					7,61					9,45
6 1: 0,00					0,00					0,00
6 2: 8,52					8,33					3,71
6 3: 0,20					0,20					0,16
6 4: 0,67					0,57					0,61
6 5: 0,00					0,00					0,00
6 6: 0,00					1,91					6,97
6 7: 0,05					0,06					0,02
6 8: 0,36					0,35					0,29
6 9: 1,97					1,73					0,73
6 10: 0,00					0,46					8,46
6 11: 0,22					0,21					0,16
6 12: 3,17					2,22					6,40
6 13: 4,28					3,66					3,71
6 14: 3,33					3,14					2,67
7 0: 12,00					8,00					8,00
7 1: 16,00					16,00					4,00
7 2: 16,00					8,00					12,00
7 3: 0,00					4,00					4,00
7 4: 28,00					16,00					12,00
7 5: 8,00					12,00					4,00
7 6: 8,00					8,00					16,00
7 7: 0,73					0,89					0,80
7 8: 11,33					11,20					8,80
7 9: 0,00					0,00					0,00
7 10: 0,00					4,00					0,00
7 11: 21,45					21,33					21,07
7 12: 0,00					0,00					533,33
8 0: 6,00					6,00					6,00
8 1: 6,00					6,00					0,00
8 2: 6,00					6,00					6,00
8 3: 0,00					0,00					6,00
8 4: 6,00					6,00					6,00
8 5: 0,00					0,00					0,00
8 6: 0,00					0,00					0,00
8 7: 0,00					0,00					0,00
8 8: 24,00					24,00					24,00
8 9: 0,00					0,00					0,00
8 10: 6,00					6,00					6,00
8 11: 30,00					30,00					28,50
8 12: 0,00					0,00					1500,00
9 0: 4,00					4,00					0,00
9 1: 0,00					0,00					4,00
9 2: 4,00					4,00					0,00
9 3: 0,00					0,00					0,00
9 4: 4,00					4,00					4,00
9 5: 0,00					0,00					0,00
9 6: 0,00					0,00					4,00
9 7: 0,25					0,25					0,25
9 8: 2,25					2,25					2,25
9 9: 0,00					0,00					0,00
9 10: 1,00					1,00					1,00
9 11: 5,00					5,00					4,33
9 12: 0,00					0,00					0,00
