Distance: 					7968,83					2823149,08
0 0: 41,25					20,87					31,12
0 1: 1,18					1,39					0,98
0 2: 2,00					1,00					0,50
0 3: 2,00					1,00					0,50
0 4: 2,47					1,08					1,28
0 5: 0,00					0,00					0,26
0 6: 1,43					1,75					1,56
0 7: 9,12					15,31					8,86
0 8: 0,38					0,53					0,50
0 9: 1,00					4,50					2,00
1 0: 15,00					7,59					10,82
1 1: 1,00					1,00					1,00
1 2: 1,00					1,00					1,00
1 3: 1,00					1,00					1,00
1 4: 0,00					0,00					0,00
1 5: 0,00					0,00					0,00
1 6: 1,00					1,00					1,00
1 7: 0,00					0,00					0,00
1 8: 0,00					0,00					0,00
1 9: 0,00					0,00					0,00
2 0: 7,00					2,00					0,00
2 1: 7,00					2,00					5,00
2 2: 0,57					0,83					1,00
2 3: 0,57					0,83					1,00
2 4: 3,00					1,00					0,00
2 5: 3,00					1,00					0,00
2 6: 6,00					5,00					4,00
2 7: 7,00					7,00					8,00
2 8: 6,00					7,00					8,00
2 9: 12,00					11,00					11,00
2 10: 69,50					71,18					70,17
2 11: 5,14					4,64					4,96
2 12: 64,36					66,55					65,22
2 13: 69,50					71,18					70,17
3 0: 7,00					9,00					11,00
3 1: 7,00					9,00					11,00
3 2: 0,67					0,67					1,00
3 3: 0,67					0,67					1,00
3 4: 4,00					4,00					0,00
3 5: 4,00					4,00					0,00
3 6: 3,00					3,00					3,00
3 7: 8,00					8,00					9,00
3 8: 7,00					7,00					8,00
3 9: 14,00					14,00					13,00
3 10: 66,75					56,42					67,00
3 11: 5,75					5,42					6,00
3 12: 61,00					51,00					61,00
3 13: 66,75					56,42					67,00
4 0: 84,00					108,00					132,00
4 1: -24,00					0,00					-84,00
4 2: 24,00					24,00					0,00
4 3: 2,86					2,86					1,64
4 4: 7,20					7,20					12,00
4 5: 0,00					0,00					0,00
4 6: 0,00					0,00					0,00
4 7: 4,57					2,29					1,64
4 8: 2,86					1,71					1,09
4 9: 5,71					22,86					21,82
4 10: 0,00					57,14					109,09
4 11: 1,71					2,86					1,64
4 12: 57,14					71,43					136,36
4 13: 51,43					45,71					54,55
4 14: 51,43					45,71					49,09
5 0: 20,00					16,00					12,00
5 1: 20,00					16,00					12,00
5 2: 0,00					0,00					0,00
5 3: 1,33					1,33					1,33
5 4: 4,00					4,00					4,00
5 5: 0,00					0,00					0,00
5 6: 0,00					0,00					266,67
5 7: 1,33					1,33					1,33
5 8: 1,33					2,67					1,33
5 9: 0,00					0,00					0,00
5 10: 0,00					0,00					0,00
5 11: 0,00					0,00					0,00
5 12: 33,33					0,00					33,33
5 13: 26,67					26,67					40,00
5 14: 13,33					13,33					0,00
6 0: 11,27					20,43					13,20
6 1: 0,00					1,51					0,00
6 2: 8,52					4,24					5,03
6 3: 0,20					0,13					0,17
6 4: 0,67					0,71					0,76
6 5: 0,00					0,00					0,00
6 6: 0,00					2,96					10,60
6 7: 0,05					0,02					0,07
6 8: 0,36					0,30					0,31
6 9: 1,97					1,67					1,73
6 10: 0,00					0,14					4,43
6 11: 0,22					0,19					0,18
6 12: 3,17					6,33					6,89
6 13: 4,28					5,90					5,06
6 14: 3,33					2,06					3,34
7 0: 12,00					16,00					20,00
7 1: 16,00					24,00					4,00
7 2: 16,00					8,00					16,00
7 3: 0,00					4,00					24,00
7 4: 28,00					12,00					4,00
7 5: 8,00					20,00					16,00
7 6: 8,00					4,00					8,00
7 7: 0,73					0,73					0,70
7 8: 11,33					11,33					12,00
7 9: 0,00					0,00					0,00
7 10: 0,00					0,00					0,00
7 11: 21,45					22,18					21,74
7 12: 0,00					0,00					173,91
8 0: 6,00					0,00					6,00
8 1: 6,00					6,00					6,00
8 2: 6,00					6,00					6,00
8 3: 0,00					6,00					0,00
8 4: 6,00					0,00					6,00
8 5: 0,00					6,00					0,00
8 6: 0,00					0,00					0,00
8 7: 0,00					0,00					0,00
8 8: 24,00					24,00					24,00
8 9: 0,00					0,00					0,00
8 10: 6,00					6,00					6,00
8 11: 30,00					24,00					30,00
8 12: 0,00					0,00					1500,00
9 0: 4,00					0,00					4,00
9 1: 0,00					0,00					0,00
9 2: 4,00					4,00					0,00
9 3: 0,00					0,00					4,00
9 4: 4,00					4,00					4,00
9 5: 0,00					0,00					0,00
9 6: 0,00					4,00					0,00
9 7: 0,25					0,25					0,25
9 8: 2,25					2,25					2,25
9 9: 0,00					0,00					0,00
9 10: 1,00					1,00					1,00
9 11: 5,00					4,00					5,00
9 12: 0,00					0,00					666,67
