Distance: 					1937,91					1287637,22
0 0: 21,25					21,27					21,27
0 1: 1,88					1,21					1,18
0 2: 1,00					1,50					1,50
0 3: 4,00					3,00					2,50
0 4: 0,76					0,38					0,34
0 5: 0,00					0,24					0,24
0 6: 1,75					1,96					2,11
0 7: 2,62					8,03					8,30
0 8: 0,00					0,62					0,75
0 9: 0,00					5,50					5,50
1 0: 0,00					0,00					0,00
1 1: 0,00					0,00					0,00
1 2: 0,00					0,00					0,00
1 3: 0,00					0,00					0,00
1 4: 0,00					0,00					0,00
1 5: 0,00					0,00					0,00
1 6: 0,00					0,00					0,00
1 7: 0,00					0,00					0,00
1 8: 0,00					0,00					0,00
1 9: 0,00					0,00					0,00
2 0: 3,00					0,00					0,00
2 1: 3,00					0,00					0,00
2 2: 1,00					0,60					1,00
2 3: 1,00					0,60					1,00
2 4: 0,00					2,00					0,00
2 5: 0,00					2,00					0,00
2 6: 5,00					5,00					4,00
2 7: 7,00					7,00					8,00
2 8: 7,00					7,00					7,00
2 9: 10,00					10,00					12,00
2 10: 67,00					66,65					66,47
2 11: 6,29					5,94					5,06
2 12: 60,71					60,71					61,41
2 13: 60,00					59,65					59,47
3 0: 0,00					0,00					10,00
3 1: 3,00					3,00					3,00
3 2: 1,00					1,00					1,00
3 3: 1,00					1,00					1,00
3 4: 0,00					0,00					0,00
3 5: 0,00					0,00					0,00
3 6: 4,00					4,00					2,00
3 7: 8,00					8,00					10,00
3 8: 7,00					7,00					8,00
3 9: 12,00					12,00					15,00
3 10: 52,25					52,25					41,58
3 11: 5,25					5,25					4,58
3 12: 47,00					47,00					37,00
3 13: 45,25					45,25					34,58
4 0: 36,00					60,00					84,00
4 1: -24,00					-48,00					36,00
4 2: 12,00					12,00					0,00
4 3: 3,00					2,25					2,25
4 4: 9,00					8,00					12,00
4 5: 0,00					0,00					0,00
4 6: 600,00					600,00					150,00
4 7: 3,75					2,25					1,50
4 8: 2,25					5,25					4,50
4 9: 0,00					0,00					7,50
4 10: 0,00					0,00					75,00
4 11: 2,25					0,75					2,25
4 12: 93,75					93,75					75,00
4 13: 37,50					60,00					60,00
4 14: 60,00					52,50					37,50
5 0: 8,00					8,00					12,00
5 1: -8,00					-8,00					-8,00
5 2: 4,00					4,00					4,00
5 3: 2,67					2,67					2,67
5 4: 2,00					2,00					2,00
5 5: 4,00					4,00					4,00
5 6: 266,67					266,67					0,00
5 7: 2,67					2,67					1,33
5 8: 0,00					0,00					1,33
5 9: 0,00					0,00					0,00
5 10: 0,00					0,00					0,00
5 11: 0,00					0,00					0,00
5 12: 33,33					33,33					33,33
5 13: 0,00					0,00					0,00
5 14: 40,00					40,00					40,00
6 0: 16,53					18,72					29,02
6 1: 0,00					0,00					0,00
6 2: 6,03					5,56					5,65
6 3: 0,13					0,15					0,15
6 4: 0,52					0,58					0,57
6 5: 0,00					0,00					0,00
6 6: 6,94					3,19					3,27
6 7: 0,01					0,01					0,00
6 8: 0,29					0,33					0,31
6 9: 1,62					1,84					1,91
6 10: 0,44					0,54					2,10
6 11: 0,19					0,19					0,17
6 12: 4,70					4,17					5,19
6 13: 4,67					4,50					4,57
6 14: 2,38					2,70					2,63
7 0: 16,00					20,00					16,00
7 1: 8,00					8,00					4,00
7 2: 16,00					12,00					12,00
7 3: 4,00					4,00					12,00
7 4: 4,00					8,00					4,00
7 5: 12,00					12,00					16,00
7 6: 8,00					4,00					4,00
7 7: 0,94					0,47					0,94
7 8: 8,00					14,00					10,40
7 9: 0,00					0,00					0,00
7 10: 4,00					4,00					4,00
7 11: 18,59					18,59					18,35
7 12: 0,00					0,00					0,00
8 0: 0,00					0,00					0,00
8 1: 0,00					0,00					0,00
8 2: 4,00					4,00					4,00
8 3: 4,00					4,00					4,00
8 4: 4,00					4,00					4,00
8 5: 4,00					4,00					0,00
8 6: 0,00					0,00					4,00
8 7: 0,00					0,00					0,00
8 8: 16,00					16,00					16,00
8 9: 0,00					0,00					0,00
8 10: 4,00					4,00					4,00
8 11: 12,00					12,00					8,00
8 12: 0,00					0,00					1000,00
9 0: 0,00					0,00					0,00
9 1: 0,00					0,00					0,00
9 2: 0,00					0,00					0,00
9 3: 0,00					0,00					0,00
9 4: 0,00					0,00					0,00
9 5: 0,00					0,00					0,00
9 6: 0,00					0,00					0,00
9 7: 0,00					0,00					0,00
9 8: 0,00					0,00					0,00
9 9: 0,00					0,00					0,00
9 10: 0,00					0,00					0,00
9 11: 0,00					0,00					0,00
9 12: 0,00					0,00					0,00
