Distance: 					600,88					15661,87
0 0: 15,00					14,99					14,99
0 1: 2,00					1,09					1,09
0 2: 2,00					1,00					1,00
0 3: 2,00					3,00					3,00
0 4: 0,00					0,08					0,08
0 5: 0,00					0,00					0,00
0 6: 3,73					2,45					2,45
0 7: 3,43					1,83					1,83
0 8: 0,81					1,06					1,06
0 9: 8,00					7,00					7,00
1 0: 0,00					0,00					0,00
1 1: 0,00					0,00					0,00
1 2: 0,00					0,00					0,00
1 3: 0,00					0,00					0,00
1 4: 0,00					0,00					0,00
1 5: 0,00					0,00					0,00
1 6: 0,00					0,00					0,00
1 7: 0,00					0,00					0,00
1 8: 0,00					0,00					0,00
1 9: 0,00					0,00					0,00
2 0: 2,00					3,00					3,00
2 1: 2,00					-9,00					-9,00
2 2: 1,00					0,71					0,71
2 3: 1,00					1,00					1,00
2 4: 0,00					2,00					2,00
2 5: 0,00					0,00					0,00
2 6: 5,00					3,00					3,00
2 7: 6,00					8,00					8,00
2 8: 6,00					6,00					6,00
2 9: 8,00					15,00					15,00
2 10: 61,44					61,26					73,26
2 11: 4,44					3,87					3,87
2 12: 57,00					57,39					69,39
2 13: 59,44					52,26					64,26
3 0: 2,00					0,00					10,00
3 1: 7,00					0,00					-5,00
3 2: 0,83					1,00					0,80
3 3: 0,75					0,86					0,86
3 4: 1,00					0,00					1,00
3 5: 2,00					1,00					1,00
3 6: 4,00					4,00					4,00
3 7: 13,00					18,00					17,00
3 8: 7,00					9,00					8,00
3 9: 28,00					29,00					31,00
3 10: 51,62					56,06					44,53
3 11: 5,88					4,69					5,53
3 12: 45,75					51,38					39,00
3 13: 49,62					47,06					35,53
4 0: 8,00					12,00					12,00
4 1: 0,00					-4,00					-4,00
4 2: 8,00					4,00					4,00
4 3: 0,80					0,45					0,45
4 4: 0,67					1,20					1,20
4 5: 2,00					0,00					0,00
4 6: 0,40					0,18					0,18
4 7: 0,13					0,73					0,73
4 8: 0,53					0,64					0,64
4 9: 0,00					0,00					0,00
4 10: 0,00					0,18					0,18
4 11: 0,80					0,09					0,09
4 12: 5,33					5,45					5,45
4 13: 4,00					8,18					8,18
4 14: 8,00					10,91					10,91
5 0: 64,00					68,00					76,00
5 1: -12,00					-8,00					0,00
5 2: 4,00					4,00					4,00
5 3: 1,14					1,14					1,14
5 4: 2,00					2,00					2,00
5 5: 0,00					0,00					0,00
5 6: 0,57					0,57					0,00
5 7: 0,57					1,71					0,57
5 8: 1,71					0,00					0,00
5 9: 0,00					0,00					0,57
5 10: 0,00					0,00					0,57
5 11: 0,57					1,14					1,14
5 12: 11,43					11,43					17,14
5 13: 17,14					17,14					11,43
5 14: 17,14					17,14					17,14
6 0: 65,50					64,00					146,00
6 1: 37,00					31,50					123,50
6 2: 5,50					3,50					2,00
6 3: 1,14					0,68					0,45
6 4: 2,71					2,75					3,25
6 5: 0,00					0,00					0,00
6 6: 0,05					0,02					0,08
6 7: 0,00					0,26					0,00
6 8: 0,30					0,96					0,80
6 9: 0,81					0,45					0,46
6 10: 0,00					0,20					0,14
6 11: 1,35					0,67					0,53
6 12: 15,46					16,65					22,10
6 13: 31,42					32,01					40,00
6 14: 3,08					6,70					0,00
7 0: 0,25					0,13					0,13
7 1: 1,43					3,00					3,00
7 2: 1,00					2,00					2,00
7 3: 0,00					0,00					0,00
7 4: 1,00					0,00					0,00
7 5: 4,62					4,00					5,00
7 6: 0,00					0,00					0,00
8 0: 1,00					1,00					0,50
8 1: 8,00					8,00					14,00
8 2: 16,00					12,00					16,00
8 3: 0,00					0,00					0,00
8 4: 0,00					0,00					0,00
8 5: 16,00					16,50					12,00
8 6: 0,00					0,50					0,50
9 0: 0,25					0,00					0,00
9 1: 1,50					4,00					4,00
9 2: 4,00					0,00					0,00
9 3: 0,00					0,00					0,00
9 4: 1,00					1,00					1,00
9 5: 4,25					3,25					2,25
9 6: 0,00					0,00					0,00
