Distance: 					3927,15					9110,51
0 0: 15,00					43,13					43,13
0 1: 2,00					1,09					1,09
0 2: 2,00					1,00					1,00
0 3: 2,00					3,00					3,00
0 4: 0,00					0,08					0,08
0 5: 0,00					0,00					0,00
0 6: 3,73					2,45					2,45
0 7: 3,43					1,83					1,83
0 8: 0,81					1,06					1,06
0 9: 8,00					7,00					7,00
1 0: 0,00					0,00					0,00
1 1: 0,00					0,00					0,00
1 2: 0,00					0,00					0,00
1 3: 0,00					0,00					0,00
1 4: 0,00					0,00					0,00
1 5: 0,00					0,00					0,00
1 6: 0,00					0,00					0,00
1 7: 0,00					0,00					0,00
1 8: 0,00					0,00					0,00
1 9: 0,00					0,00					0,00
2 0: 2,00					4,00					4,00
2 1: 2,00					-8,00					-8,00
2 2: 1,00					0,71					0,71
2 3: 1,00					0,71					0,71
2 4: 0,00					2,00					2,00
2 5: 0,00					2,00					2,00
2 6: 5,00					3,00					3,00
2 7: 6,00					8,00					8,00
2 8: 6,00					6,00					6,00
2 9: 8,00					15,00					15,00
2 10: 61,44					73,57					85,57
2 11: 4,44					4,17					4,17
2 12: 57,00					69,39					81,39
2 13: 59,44					64,57					76,57
3 0: 2,00					0,00					2,00
3 1: 7,00					0,00					2,00
3 2: 0,83					1,00					1,00
3 3: 0,75					1,00					1,00
3 4: 1,00					0,00					0,00
3 5: 2,00					0,00					0,00
3 6: 4,00					5,00					5,00
3 7: 13,00					12,00					14,00
3 8: 7,00					7,00					9,00
3 9: 28,00					21,00					18,00
3 10: 51,62					67,31					67,50
3 11: 5,88					5,44					5,62
3 12: 45,75					61,88					61,88
3 13: 49,62					58,31					58,50
4 0: 8,00					14,00					14,00
4 1: 0,00					-4,00					-4,00
4 2: 8,00					4,00					4,00
4 3: 0,80					0,45					0,45
4 4: 0,67					1,20					1,20
4 5: 2,00					0,00					0,00
4 6: 0,40					0,27					0,27
4 7: 0,13					0,64					0,64
4 8: 0,53					0,64					0,64
4 9: 0,00					0,09					0,09
4 10: 0,00					0,00					0,00
4 11: 0,80					0,09					0,09
4 12: 5,33					5,45					5,45
4 13: 4,00					8,18					8,18
4 14: 8,00					10,91					10,91
5 0: 64,00					28,00					24,00
5 1: -12,00					-20,00					24,00
5 2: 4,00					0,00					0,00
5 3: 1,14					1,14					0,57
5 4: 2,00					4,00					4,00
5 5: 0,00					0,00					0,00
5 6: 0,57					0,57					0,57
5 7: 0,57					1,14					1,14
5 8: 1,71					0,00					1,14
5 9: 0,00					0,57					0,00
5 10: 0,00					0,00					0,57
5 11: 0,57					0,00					0,57
5 12: 11,43					22,86					11,43
5 13: 17,14					28,57					17,14
5 14: 17,14					11,43					17,14
6 0: 65,50					59,50					103,00
6 1: 37,00					39,50					73,50
6 2: 5,50					2,00					1,00
6 3: 1,14					0,71					0,53
6 4: 2,71					3,46					3,67
6 5: 0,00					0,00					0,00
6 6: 0,05					0,07					0,17
6 7: 0,00					0,20					0,00
6 8: 0,30					0,96					0,91
6 9: 0,81					0,57					0,61
6 10: 0,00					0,00					0,07
6 11: 1,35					0,77					0,63
6 12: 15,46					15,02					18,46
6 13: 31,42					34,93					40,00
6 14: 3,08					2,65					0,00
7 0: 0,25					0,13					0,13
7 1: 1,43					3,00					3,00
7 2: 1,00					2,00					2,00
7 3: 0,00					0,00					0,00
7 4: 1,00					0,00					0,00
7 5: 4,62					5,00					6,00
7 6: 0,00					0,00					0,00
8 0: 1,00					0,50					0,50
8 1: 8,00					14,00					14,00
8 2: 16,00					16,00					16,00
8 3: 0,00					0,00					0,00
8 4: 0,00					4,00					0,00
8 5: 16,00					20,00					20,00
8 6: 0,00					0,00					0,50
9 0: 0,25					0,00					0,00
9 1: 1,50					4,00					4,00
9 2: 4,00					0,00					1,00
9 3: 0,00					0,00					0,00
9 4: 1,00					1,00					0,00
9 5: 4,25					4,25					4,25
9 6: 0,00					0,00					0,00
