Distance: 					183,77					9114963,30
0 0: 41,25					41,25					55,55
0 1: 1,18					0,82					0,82
0 2: 1,00					1,00					1,00
0 3: 1,00					1,00					1,00
0 4: 0,11					0,28					0,28
0 5: 0,00					0,36					0,36
0 6: 1,48					1,72					1,72
0 7: 1,02					2,90					2,90
0 8: 0,38					0,88					0,88
0 9: 2,00					3,00					3,00
1 0: 0,00					0,00					0,00
1 1: 0,00					0,00					0,00
1 2: 0,62					0,75					0,75
1 3: 1,00					1,00					1,00
1 4: 3,00					2,00					2,00
1 5: 0,00					0,00					0,00
1 6: 5,00					4,00					4,00
1 7: 7,00					7,00					7,00
1 8: 6,00					6,00					6,00
1 9: 12,00					12,00					12,00
1 10: 61,82					60,95					60,41
1 11: 3,45					3,14					2,59
1 12: 58,36					57,82					57,82
1 13: 61,82					60,95					60,41
2 0: 0,00					2,00					2,00
2 1: 0,00					2,00					9,00
2 2: 0,67					0,67					1,00
2 3: 1,00					0,67					1,00
2 4: 4,00					4,00					0,00
2 5: 0,00					4,00					0,00
2 6: 3,00					3,00					2,00
2 7: 8,00					8,00					10,00
2 8: 7,00					7,00					8,00
2 9: 14,00					14,00					15,00
2 10: 59,83					61,75					60,00
2 11: 4,83					5,75					6,00
2 12: 55,00					56,00					54,00
2 13: 59,83					61,75					60,00
3 0: 84,00					84,00					84,00
3 1: -24,00					-24,00					-24,00
3 2: 0,00					0,00					0,00
3 3: 2,86					2,86					2,86
3 4: 12,00					12,00					12,00
3 5: 0,00					0,00					0,00
3 6: 228,57					228,57					342,86
3 7: 5,14					4,00					2,29
3 8: 1,71					2,86					2,86
3 9: 5,71					5,71					5,71
3 10: 0,00					0,00					0,00
3 11: 2,86					2,86					2,86
3 12: 42,86					42,86					85,71
3 13: 40,00					40,00					40,00
3 14: 51,43					51,43					51,43
4 0: 16,00					16,00					24,00
4 1: -16,00					-16,00					-24,00
4 2: 0,00					0,00					0,00
4 3: 1,33					1,33					1,33
4 4: 4,00					4,00					4,00
4 5: 0,00					0,00					0,00
4 6: 0,00					0,00					266,67
4 7: 1,33					1,33					0,00
4 8: 2,67					2,67					0,00
4 9: 0,00					0,00					0,00
4 10: 0,00					0,00					133,33
4 11: 0,00					0,00					0,00
4 12: 0,00					0,00					100,00
4 13: 13,33					13,33					13,33
4 14: 26,67					26,67					26,67
5 0: 7,42					9,14					9,18
5 1: 0,00					0,00					2,29
5 2: 14,15					8,63					2,24
5 3: 0,23					0,21					0,19
5 4: 0,53					0,66					0,88
5 5: 0,00					0,00					0,00
5 6: 4,28					4,78					16,41
5 7: 0,08					0,10					0,02
5 8: 0,37					0,37					0,33
5 9: 1,51					1,53					0,47
5 10: 0,00					1,69					14,93
5 11: 0,23					0,22					0,18
5 12: 2,08					3,35					10,18
5 13: 4,70					4,19					4,68
5 14: 2,18					3,44					3,28
6 0: 32,00					32,00					32,00
6 1: 20,00					24,00					24,00
6 2: 12,00					12,00					12,00
6 3: 0,00					0,00					0,00
6 4: 8,00					8,00					8,00
6 5: 8,00					4,00					4,00
6 6: 8,00					8,00					8,00
6 7: 0,73					0,55					0,55
6 8: 7,50					9,14					9,14
6 9: 0,00					0,00					0,00
6 10: 4,00					4,00					4,00
6 11: 19,45					19,27					19,27
6 12: 0,00					0,00					0,00
7 0: 4,00					0,00					0,00
7 1: 0,00					4,00					4,00
7 2: 0,00					0,00					0,00
7 3: 4,00					0,00					4,00
7 4: 4,00					4,00					8,00
7 5: 4,00					4,00					0,00
7 6: 0,00					4,00					0,00
7 7: 0,00					0,00					0,00
7 8: 16,00					16,00					16,00
7 9: 0,00					0,00					0,00
7 10: 4,00					4,00					0,00
7 11: 17,00					17,00					17,00
7 12: 0,00					0,00					3000,00
