Distance: 					13772,98					4921015,95
0 0: 41,25					41,25					48,12
0 1: 1,18					0,93					0,93
0 2: 1,00					0,00					0,00
0 3: 1,00					2,00					2,00
0 4: 0,11					0,25					0,25
0 5: 0,00					0,45					0,45
0 6: 1,48					1,72					1,72
0 7: 1,02					2,81					2,94
0 8: 0,38					0,56					0,56
0 9: 2,00					2,00					2,00
1 0: 0,00					5,00					4,00
1 1: 0,00					7,00					4,00
1 2: 0,62					0,80					0,40
1 3: 1,00					1,00					0,80
1 4: 3,00					1,00					3,00
1 5: 0,00					0,00					1,00
1 6: 5,00					6,00					6,00
1 7: 7,00					8,00					13,00
1 8: 6,00					7,00					11,00
1 9: 12,00					12,00					14,00
1 10: 61,82					62,36					61,50
1 11: 3,45					5,09					5,32
1 12: 58,36					57,27					56,18
1 13: 61,82					62,36					61,50
2 0: 0,00					4,00					3,00
2 1: 0,00					4,00					3,00
2 2: 0,67					0,67					0,67
2 3: 1,00					0,67					0,67
2 4: 4,00					4,00					4,00
2 5: 0,00					4,00					4,00
2 6: 3,00					3,00					3,00
2 7: 8,00					8,00					8,00
2 8: 7,00					7,00					7,00
2 9: 14,00					14,00					14,00
2 10: 59,83					63,33					63,67
2 11: 4,83					5,33					4,67
2 12: 55,00					58,00					59,00
2 13: 59,83					63,33					63,67
3 0: 84,00					144,00					144,00
3 1: -24,00					-60,00					60,00
3 2: 0,00					0,00					24,00
3 3: 2,86					1,71					2,29
3 4: 12,00					12,00					6,00
3 5: 0,00					0,00					0,00
3 6: 228,57					228,57					228,57
3 7: 5,14					1,71					0,00
3 8: 1,71					2,29					2,29
3 9: 5,71					5,71					0,00
3 10: 0,00					0,00					171,43
3 11: 2,86					2,29					1,71
3 12: 42,86					128,57					200,00
3 13: 40,00					45,71					51,43
3 14: 51,43					57,14					57,14
4 0: 16,00					16,00					24,00
4 1: -16,00					-16,00					-24,00
4 2: 0,00					0,00					0,00
4 3: 1,33					1,33					1,33
4 4: 4,00					4,00					4,00
4 5: 0,00					0,00					0,00
4 6: 0,00					0,00					266,67
4 7: 1,33					1,33					0,00
4 8: 2,67					2,67					1,33
4 9: 0,00					0,00					0,00
4 10: 0,00					0,00					133,33
4 11: 0,00					0,00					0,00
4 12: 0,00					0,00					66,67
4 13: 13,33					13,33					13,33
4 14: 26,67					26,67					26,67
5 0: 7,42					10,02					10,43
5 1: 0,00					0,83					0,43
5 2: 14,15					4,60					3,15
5 3: 0,23					0,19					0,19
5 4: 0,53					0,79					0,84
5 5: 0,00					0,00					0,00
5 6: 4,28					6,49					9,95
5 7: 0,08					0,09					0,03
5 8: 0,37					0,34					0,37
5 9: 1,51					1,40					0,94
5 10: 0,00					4,62					12,23
5 11: 0,23					0,19					0,20
5 12: 2,08					5,81					7,63
5 13: 4,70					4,38					4,26
5 14: 2,18					3,70					3,82
6 0: 32,00					12,00					16,00
6 1: 20,00					16,00					12,00
6 2: 12,00					4,00					20,00
6 3: 0,00					20,00					12,00
6 4: 8,00					20,00					4,00
6 5: 8,00					8,00					16,00
6 6: 8,00					8,00					8,00
6 7: 0,73					0,55					0,18
6 8: 7,50					14,40					26,67
6 9: 0,00					0,00					0,00
6 10: 4,00					4,00					0,00
6 11: 19,45					19,09					18,73
6 12: 0,00					0,00					2181,82
7 0: 4,00					4,00					4,00
7 1: 0,00					0,00					4,00
7 2: 0,00					4,00					4,00
7 3: 4,00					0,00					0,00
7 4: 4,00					0,00					0,00
7 5: 4,00					4,00					4,00
7 6: 0,00					4,00					0,00
7 7: 0,00					0,00					0,00
7 8: 16,00					16,00					16,00
7 9: 0,00					0,00					0,00
7 10: 4,00					4,00					4,00
7 11: 17,00					18,00					19,00
7 12: 0,00					0,00					0,00
