Distance: 					1890,33					1006479,78
0 0: 41,25					41,25					50,33
0 1: 1,18					0,73					0,73
0 2: 1,00					0,00					0,00
0 3: 1,00					0,50					0,50
0 4: 0,11					0,24					0,24
0 5: 0,00					0,64					0,64
0 6: 1,48					1,58					1,58
0 7: 1,02					3,86					3,86
0 8: 0,38					0,97					0,97
0 9: 2,00					5,00					5,00
1 0: 0,00					3,00					3,00
1 1: 0,00					3,00					3,00
1 2: 0,62					0,80					0,80
1 3: 1,00					0,80					0,80
1 4: 3,00					1,00					1,00
1 5: 0,00					1,00					1,00
1 6: 5,00					6,00					6,00
1 7: 7,00					8,00					8,00
1 8: 6,00					7,00					7,00
1 9: 12,00					14,00					14,00
1 10: 61,82					62,18					62,18
1 11: 3,45					4,36					4,36
1 12: 58,36					57,82					57,82
1 13: 61,82					62,18					62,18
2 0: 0,00					0,00					3,00
2 1: 0,00					0,00					3,00
2 2: 0,67					0,67					1,00
2 3: 1,00					1,00					1,00
2 4: 4,00					4,00					0,00
2 5: 0,00					0,00					0,00
2 6: 3,00					3,00					2,00
2 7: 8,00					8,00					10,00
2 8: 7,00					7,00					10,00
2 9: 14,00					14,00					13,00
2 10: 59,83					59,42					60,50
2 11: 4,83					4,42					4,50
2 12: 55,00					55,00					56,00
2 13: 59,83					59,42					60,50
3 0: 84,00					96,00					96,00
3 1: -24,00					-48,00					-48,00
3 2: 0,00					0,00					0,00
3 3: 2,86					1,71					1,71
3 4: 12,00					12,00					12,00
3 5: 0,00					0,00					0,00
3 6: 228,57					228,57					228,57
3 7: 5,14					2,29					2,29
3 8: 1,71					4,57					4,57
3 9: 5,71					22,86					22,86
3 10: 0,00					0,00					0,00
3 11: 2,86					1,14					1,14
3 12: 42,86					42,86					42,86
3 13: 40,00					51,43					51,43
3 14: 51,43					57,14					57,14
4 0: 16,00					16,00					16,00
4 1: -16,00					-16,00					-16,00
4 2: 0,00					0,00					0,00
4 3: 1,33					1,33					1,33
4 4: 4,00					4,00					4,00
4 5: 0,00					0,00					0,00
4 6: 0,00					0,00					0,00
4 7: 1,33					1,33					0,00
4 8: 2,67					2,67					1,33
4 9: 0,00					0,00					0,00
4 10: 0,00					0,00					0,00
4 11: 0,00					0,00					0,00
4 12: 0,00					0,00					66,67
4 13: 13,33					13,33					13,33
4 14: 26,67					26,67					26,67
5 0: 7,42					12,49					11,34
5 1: 0,00					1,00					0,86
5 2: 14,15					6,31					8,14
5 3: 0,23					0,19					0,19
5 4: 0,53					0,72					0,65
5 5: 0,00					0,00					0,00
5 6: 4,28					4,41					7,39
5 7: 0,08					0,05					0,05
5 8: 0,37					0,36					0,36
5 9: 1,51					2,08					1,89
5 10: 0,00					1,66					1,48
5 11: 0,23					0,20					0,19
5 12: 2,08					4,45					5,08
5 13: 4,70					5,25					4,97
5 14: 2,18					2,84					3,05
6 0: 32,00					16,00					16,00
6 1: 20,00					12,00					12,00
6 2: 12,00					20,00					20,00
6 3: 0,00					8,00					8,00
6 4: 8,00					12,00					12,00
6 5: 8,00					12,00					12,00
6 6: 8,00					8,00					8,00
6 7: 0,73					0,73					0,73
6 8: 7,50					14,40					14,40
6 9: 0,00					0,00					0,00
6 10: 4,00					0,00					0,00
6 11: 19,45					19,27					19,27
6 12: 0,00					0,00					0,00
7 0: 4,00					4,00					4,00
7 1: 0,00					0,00					0,00
7 2: 0,00					0,00					0,00
7 3: 4,00					4,00					4,00
7 4: 4,00					4,00					0,00
7 5: 4,00					4,00					4,00
7 6: 0,00					0,00					4,00
7 7: 0,00					0,00					0,00
7 8: 16,00					16,00					16,00
7 9: 0,00					0,00					0,00
7 10: 4,00					4,00					4,00
7 11: 17,00					17,00					17,00
7 12: 0,00					0,00					1000,00
