Distance: 					228,43					1020148,51
0 0: 41,25					41,25					41,25
0 1: 1,18					0,89					0,89
0 2: 1,00					1,00					1,00
0 3: 1,00					2,00					2,00
0 4: 0,11					0,17					0,17
0 5: 0,00					0,18					0,18
0 6: 1,48					1,48					1,48
0 7: 1,02					1,02					1,02
0 8: 0,38					0,75					0,75
0 9: 2,00					2,00					2,00
1 0: 0,00					0,00					0,00
1 1: 0,00					0,00					0,00
1 2: 0,62					0,71					0,71
1 3: 1,00					1,00					1,00
1 4: 3,00					2,00					2,00
1 5: 0,00					0,00					0,00
1 6: 5,00					4,00					4,00
1 7: 7,00					9,00					9,00
1 8: 6,00					7,00					7,00
1 9: 12,00					15,00					15,00
1 10: 61,82					62,27					62,27
1 11: 3,45					3,36					3,36
1 12: 58,36					58,91					58,91
1 13: 61,82					62,27					62,27
2 0: 0,00					0,00					2,00
2 1: 0,00					0,00					11,00
2 2: 0,67					0,67					1,00
2 3: 1,00					1,00					1,00
2 4: 4,00					4,00					0,00
2 5: 0,00					0,00					0,00
2 6: 3,00					3,00					3,00
2 7: 8,00					8,00					9,00
2 8: 7,00					7,00					8,00
2 9: 14,00					14,00					12,00
2 10: 59,83					59,83					59,25
2 11: 4,83					4,83					5,25
2 12: 55,00					55,00					54,00
2 13: 59,83					59,83					59,25
3 0: 84,00					84,00					84,00
3 1: -24,00					-24,00					-24,00
3 2: 0,00					0,00					0,00
3 3: 2,86					2,86					2,86
3 4: 12,00					12,00					12,00
3 5: 0,00					0,00					0,00
3 6: 228,57					228,57					228,57
3 7: 5,14					4,57					4,57
3 8: 1,71					1,14					1,14
3 9: 5,71					17,14					17,14
3 10: 0,00					0,00					0,00
3 11: 2,86					2,86					2,86
3 12: 42,86					42,86					42,86
3 13: 40,00					40,00					40,00
3 14: 51,43					51,43					51,43
4 0: 16,00					16,00					24,00
4 1: -16,00					-16,00					-24,00
4 2: 0,00					0,00					0,00
4 3: 1,33					1,33					1,33
4 4: 4,00					4,00					4,00
4 5: 0,00					0,00					0,00
4 6: 0,00					0,00					0,00
4 7: 1,33					1,33					1,33
4 8: 2,67					2,67					1,33
4 9: 0,00					0,00					0,00
4 10: 0,00					0,00					133,33
4 11: 0,00					0,00					0,00
4 12: 0,00					0,00					33,33
4 13: 13,33					13,33					26,67
4 14: 26,67					26,67					13,33
5 0: 7,42					9,35					10,23
5 1: 0,00					0,00					0,00
5 2: 14,15					8,67					4,55
5 3: 0,23					0,18					0,16
5 4: 0,53					0,62					0,73
5 5: 0,00					0,00					0,00
5 6: 4,28					6,93					18,78
5 7: 0,08					0,13					0,11
5 8: 0,37					0,30					0,28
5 9: 1,51					1,43					1,09
5 10: 0,00					0,56					5,57
5 11: 0,23					0,19					0,17
5 12: 2,08					3,82					6,38
5 13: 4,70					4,84					5,09
5 14: 2,18					2,63					2,58
6 0: 32,00					32,00					32,00
6 1: 20,00					20,00					20,00
6 2: 12,00					12,00					12,00
6 3: 0,00					4,00					4,00
6 4: 8,00					4,00					4,00
6 5: 8,00					8,00					8,00
6 6: 8,00					8,00					8,00
6 7: 0,73					0,73					0,73
6 8: 7,50					9,14					9,14
6 9: 0,00					0,00					0,00
6 10: 4,00					4,00					4,00
6 11: 19,45					19,64					19,64
6 12: 0,00					0,00					0,00
7 0: 4,00					4,00					0,00
7 1: 0,00					0,00					0,00
7 2: 0,00					0,00					0,00
7 3: 4,00					4,00					4,00
7 4: 4,00					4,00					8,00
7 5: 4,00					4,00					0,00
7 6: 0,00					0,00					4,00
7 7: 0,00					0,00					0,00
7 8: 16,00					16,00					16,00
7 9: 0,00					0,00					0,00
7 10: 4,00					4,00					0,00
7 11: 17,00					17,00					16,00
7 12: 0,00					0,00					1000,00
