Distance: 					1811,35					6085,10
0 0: 43,12					43,16					43,16
0 1: 1,16					1,60					1,60
0 2: 2,00					1,00					1,00
0 3: 2,00					3,00					3,00
0 4: 0,49					0,44					0,44
0 5: 0,00					0,00					0,00
0 6: 1,36					1,50					1,50
0 7: 0,47					0,39					0,39
0 8: 0,34					0,00					0,00
0 9: 1,00					0,00					0,00
1 0: 0,00					0,00					0,00
1 1: 0,00					0,00					0,00
1 2: 0,00					0,00					0,00
1 3: 0,00					0,00					0,00
1 4: 0,00					0,00					0,00
1 5: 0,00					0,00					0,00
1 6: 0,00					0,00					0,00
1 7: 0,00					0,00					0,00
1 8: 0,00					0,00					0,00
1 9: 0,00					0,00					0,00
2 0: 7,00					0,00					0,00
2 1: 7,00					0,00					0,00
2 2: 1,00					1,00					1,00
2 3: 1,00					1,00					1,00
2 4: 0,00					0,00					0,00
2 5: 0,00					0,00					0,00
2 6: 4,00					3,00					3,00
2 7: 8,00					4,00					4,00
2 8: 6,00					4,00					4,00
2 9: 13,00					6,00					6,00
2 10: 76,96					62,27					62,27
2 11: 4,96					2,27					2,27
2 12: 72,00					60,00					60,00
2 13: 76,96					58,27					58,27
3 0: 7,00					3,00					8,00
3 1: 7,00					3,00					3,00
3 2: 0,75					0,75					1,00
3 3: 0,75					1,00					1,00
3 4: 2,00					2,00					0,00
3 5: 2,00					0,00					0,00
3 6: 5,00					7,00					6,00
3 7: 8,00					10,00					9,00
3 8: 7,00					6,00					5,00
3 9: 14,00					19,00					22,00
3 10: 67,62					54,60					56,10
3 11: 6,12					5,40					3,90
3 12: 61,50					49,20					52,20
3 13: 67,62					50,60					52,10
4 0: 10,00					8,00					8,00
4 1: -6,00					-4,00					-4,00
4 2: 0,00					2,00					2,00
4 3: 0,36					0,71					0,71
4 4: 2,00					1,60					1,60
4 5: 0,00					0,00					0,00
4 6: 0,09					0,00					0,00
4 7: 0,64					0,86					0,86
4 8: 0,64					0,29					0,29
4 9: 0,00					0,00					0,00
4 10: 0,00					0,00					0,00
4 11: 0,27					0,43					0,43
4 12: 4,55					4,29					4,29
4 13: 9,09					7,14					7,14
4 14: 8,18					8,57					8,57
5 0: 20,00					20,00					40,00
5 1: 20,00					16,00					-40,00
5 2: 0,00					0,00					0,00
5 3: 1,33					1,33					1,33
5 4: 4,00					4,00					4,00
5 5: 0,00					0,00					0,00
5 6: 0,00					0,00					0,00
5 7: 1,33					0,00					1,33
5 8: 1,33					2,67					0,00
5 9: 0,00					0,00					0,00
5 10: 0,00					0,00					0,00
5 11: 0,00					0,00					0,00
5 12: 13,33					13,33					26,67
5 13: 26,67					26,67					26,67
5 14: 13,33					13,33					13,33
6 0: 72,00					68,00					62,00
6 1: 24,00					17,00					12,00
6 2: 18,00					15,00					17,00
6 3: 0,75					0,76					0,79
6 4: 2,77					3,11					3,00
6 5: 0,00					0,00					0,00
6 6: 0,05					0,07					0,16
6 7: 0,00					0,05					0,10
6 8: 1,09					0,32					0,34
6 9: 0,70					0,53					0,60
6 10: 0,00					0,12					0,05
6 11: 1,08					1,27					1,31
6 12: 11,34					18,32					16,44
6 13: 29,00					24,80					22,92
6 14: 4,71					7,87					9,29
7 0: 0,17					0,13					0,13
7 1: 3,00					2,20					2,20
7 2: 4,00					0,00					0,00
7 3: 0,00					0,00					0,00
7 4: 1,00					1,00					1,00
7 5: 6,00					4,40					4,40
7 6: 0,00					0,07					0,07
8 0: 0,00					0,00					0,00
8 1: 16,00					16,00					16,00
8 2: 16,00					16,00					24,00
8 3: 0,00					0,00					0,00
8 4: 4,00					0,00					4,00
8 5: 20,00					16,00					17,00
8 6: 0,00					1,00					1,00
9 0: 0,12					0,20					0,20
9 1: 2,00					2,67					2,67
9 2: 4,00					5,00					0,00
9 3: 0,00					0,00					0,00
9 4: 0,00					0,00					1,00
9 5: 5,00					3,80					4,40
9 6: 0,00					0,00					0,60
