Distance: 					1136,90					1263,12
0 0: 21,56					9,38					5,47
0 1: 0,58					0,80					0,80
0 2: 1,00					0,50					0,50
0 3: 1,03					1,50					1,50
0 4: 0,24					0,22					0,22
0 5: 0,00					0,00					0,00
0 6: 0,68					0,75					0,75
0 7: 0,23					0,20					0,20
0 8: 0,17					0,00					0,00
0 9: 0,50					0,00					0,00
1 0: 7,00					0,00					0,00
1 1: 7,00					0,00					0,00
1 2: 1,00					0,80					1,00
1 3: 1,00					0,80					1,00
1 4: 0,00					1,00					0,00
1 5: 0,00					1,00					0,00
1 6: 4,00					3,00					3,00
1 7: 8,00					5,00					4,00
1 8: 6,00					5,00					4,00
1 9: 13,00					6,00					6,00
1 10: 76,96					62,80					62,27
1 11: 4,96					2,80					2,27
1 12: 72,00					60,00					60,00
1 13: 76,96					58,80					58,27
2 0: 5,00					3,00					4,00
2 1: -3,00					2,00					-2,00
2 2: 0,00					0,00					1,00
2 3: 0,18					0,21					0,36
2 4: 1,00					1,00					0,80
2 5: 0,00					0,00					0,00
2 6: 0,05					0,36					0,00
2 7: 0,32					0,43					0,43
2 8: 0,32					0,14					0,14
2 9: 0,00					0,00					0,00
2 10: 0,00					0,00					0,00
2 11: 0,00					0,00					0,00
2 12: 0,36					0,43					0,43
2 13: 0,45					0,43					0,36
2 14: 0,41					0,50					0,43
3 0: 5,00					2,00					2,00
3 1: 5,00					-2,00					-2,00
3 2: 0,00					1,00					1,00
3 3: 0,33					0,67					0,67
3 4: 1,00					0,50					0,50
3 5: 0,00					1,00					1,00
3 6: 0,00					0,33					0,33
3 7: 0,33					0,67					0,67
3 8: 0,33					0,00					0,00
3 9: 0,00					0,00					0,00
3 10: 0,00					0,00					0,00
3 11: 0,00					0,00					0,00
3 12: 0,33					0,33					0,33
3 13: 0,67					0,00					0,00
3 14: 0,33					1,00					1,00
4 0: 18,00					18,00					18,25
4 1: 3,00					3,00					4,25
4 2: 8,00					2,25					2,75
4 3: 0,18					0,17					0,18
4 4: 0,67					0,84					0,82
4 5: 0,00					0,00					0,00
4 6: 0,01					0,00					0,02
4 7: 0,00					0,01					0,00
4 8: 0,34					0,11					0,09
4 9: 0,18					0,16					0,15
4 10: 0,00					0,02					0,03
4 11: 0,00					0,00					0,00
4 12: 0,48					0,72					0,76
4 13: 0,69					0,66					0,66
4 14: 0,15					0,17					0,17
5 0: 0,17					0,13					0,13
5 1: 3,00					2,20					2,20
5 2: 4,00					0,00					0,00
5 3: 0,00					0,00					0,00
5 4: 1,00					1,00					1,00
5 5: 6,00					4,40					4,40
5 6: 0,00					0,07					0,07
6 0: 0,00					0,00					0,00
6 1: 4,00					4,00					4,00
6 2: 4,00					5,00					5,00
6 3: 0,00					0,00					0,00
6 4: 1,00					1,00					1,00
6 5: 5,00					4,00					4,00
6 6: 0,00					0,00					0,00
7 0: 0,25					0,20					0,20
7 1: 2,25					2,67					2,67
7 2: 4,00					5,00					5,00
7 3: 0,00					0,00					0,00
7 4: 1,00					0,00					0,00
7 5: 5,00					3,80					3,80
7 6: 0,00					0,00					0,00
