Distance: 					109895,11					4549780,27
0 0: 18,75					10,85					13,02
0 1: 1,61					1,27					1,30
0 2: 1,00					1,00					0,50
0 3: 3,12					1,00					2,50
0 4: 0,45					0,38					0,16
0 5: 0,00					0,27					0,00
0 6: 1,50					1,88					1,32
0 7: 1,57					2,51					0,75
0 8: 0,00					0,38					0,83
0 9: 0,00					2,50					7,50
1 0: 0,00					0,00					0,00
1 1: 0,00					0,00					0,00
1 2: 0,00					0,00					0,00
1 3: 0,00					0,00					0,00
1 4: 0,00					0,00					0,00
1 5: 0,00					0,00					0,00
1 6: 0,00					0,00					0,00
1 7: 0,00					0,00					0,00
1 8: 0,00					0,00					0,00
1 9: 0,00					0,00					0,00
2 0: 0,00					0,00					0,00
2 1: 0,00					0,00					0,00
2 2: 0,80					1,00					0,50
2 3: 0,80					1,00					0,50
2 4: 1,00					0,00					3,00
2 5: 1,00					0,00					3,00
2 6: 3,00					4,00					4,00
2 7: 5,00					6,00					5,00
2 8: 5,00					5,00					5,00
2 9: 6,00					12,00					7,00
2 10: 62,80					50,80					62,33
2 11: 2,80					4,40					4,73
2 12: 60,00					46,40					57,60
2 13: 58,80					46,80					58,33
3 0: 4,00					0,00					3,00
3 1: 4,00					0,00					3,00
3 2: 0,50					1,00					1,00
3 3: 0,60					0,67					1,00
3 4: 4,00					0,00					0,00
3 5: 4,00					4,00					0,00
3 6: 7,00					7,00					8,00
3 7: 11,00					9,00					10,00
3 8: 7,00					6,00					6,00
3 9: 17,00					15,00					25,00
3 10: 53,85					47,75					55,70
3 11: 6,45					5,75					4,70
3 12: 47,40					42,00					51,00
3 13: 49,85					43,75					51,70
4 0: 36,00					108,00					60,00
4 1: 24,00					48,00					0,00
4 2: 0,00					0,00					24,00
4 3: 2,57					1,71					3,43
4 4: 12,00					12,00					6,00
4 5: 0,00					0,00					0,00
4 6: 857,14					685,71					171,43
4 7: 5,14					1,71					0,86
4 8: 1,71					3,43					2,57
4 9: 0,00					8,57					0,00
4 10: 0,00					0,00					0,00
4 11: 0,86					0,86					3,43
4 12: 107,14					128,57					128,57
4 13: 51,43					60,00					42,86
4 14: 60,00					51,43					42,86
5 0: 8,00					8,00					36,00
5 1: -8,00					4,00					36,00
5 2: 4,00					0,00					0,00
5 3: 2,67					1,33					1,33
5 4: 2,00					4,00					4,00
5 5: 4,00					0,00					0,00
5 6: 266,67					533,33					266,67
5 7: 2,67					1,33					0,00
5 8: 0,00					0,00					1,33
5 9: 0,00					0,00					0,00
5 10: 0,00					0,00					0,00
5 11: 0,00					0,00					0,00
5 12: 33,33					66,67					66,67
5 13: 0,00					13,33					26,67
5 14: 40,00					26,67					13,33
6 0: 18,59					14,77					15,21
6 1: 2,97					0,00					0,86
6 2: 2,84					4,40					4,14
6 3: 0,17					0,21					0,26
6 4: 0,84					0,79					0,89
6 5: 0,00					0,00					0,00
6 6: 2,91					9,80					10,98
6 7: 0,03					0,08					0,01
6 8: 0,12					0,10					0,13
6 9: 1,60					1,25					1,26
6 10: 1,63					10,36					2,34
6 11: 0,31					0,34					0,40
6 12: 10,27					9,94					11,94
6 13: 6,56					5,12					5,70
6 14: 2,01					3,16					3,25
7 0: 20,00					16,00					24,00
7 1: 4,00					0,00					4,00
7 2: 0,00					0,00					0,00
7 3: 0,00					0,00					0,00
7 4: 4,00					12,00					12,00
7 5: 16,00					16,00					8,00
7 6: 16,00					16,00					12,00
7 7: 0,53					0,80					0,53
7 8: 8,80					12,00					8,80
7 9: 0,00					0,00					0,00
7 10: 4,00					4,00					4,00
7 11: 17,60					13,33					17,87
7 12: 266,67					266,67					0,00
8 0: 0,00					8,00					0,00
8 1: 0,00					4,00					4,00
8 2: 4,00					0,00					0,00
8 3: 4,00					0,00					0,00
8 4: 4,00					0,00					4,00
8 5: 4,00					0,00					4,00
8 6: 0,00					4,00					4,00
8 7: 0,00					1,00					0,00
8 8: 16,00					6,00					16,00
8 9: 0,00					0,00					0,00
8 10: 4,00					4,00					4,00
8 11: 16,00					15,00					16,00
8 12: 0,00					0,00					2000,00
9 0: 0,00					0,00					0,00
9 1: 0,00					0,00					0,00
9 2: 0,00					0,00					0,00
9 3: 0,00					0,00					0,00
9 4: 0,00					0,00					0,00
9 5: 0,00					0,00					0,00
9 6: 0,00					0,00					0,00
9 7: 0,00					0,00					0,00
9 8: 0,00					0,00					0,00
9 9: 0,00					0,00					0,00
9 10: 0,00					0,00					0,00
9 11: 0,00					0,00					0,00
9 12: 0,00					0,00					0,00
