Distance: 					912,88					1023748,53
0 0: 18,75					18,56					18,56
0 1: 1,61					0,90					0,90
0 2: 1,00					0,50					0,50
0 3: 3,12					1,00					1,00
0 4: 0,45					0,22					0,22
0 5: 0,00					0,13					0,13
0 6: 1,50					1,69					1,69
0 7: 1,57					2,58					2,58
0 8: 0,00					0,79					0,79
0 9: 0,00					3,00					3,00
1 0: 0,00					0,00					0,00
1 1: 0,00					0,00					0,00
1 2: 0,00					0,00					0,00
1 3: 0,00					0,00					0,00
1 4: 0,00					0,00					0,00
1 5: 0,00					0,00					0,00
1 6: 0,00					0,00					0,00
1 7: 0,00					0,00					0,00
1 8: 0,00					0,00					0,00
1 9: 0,00					0,00					0,00
2 0: 0,00					0,00					0,00
2 1: 0,00					0,00					0,00
2 2: 0,80					0,75					1,00
2 3: 0,80					0,75					1,00
2 4: 1,00					1,00					0,00
2 5: 1,00					1,00					0,00
2 6: 3,00					4,00					3,00
2 7: 5,00					7,00					8,00
2 8: 5,00					7,00					7,00
2 9: 6,00					9,00					12,00
2 10: 62,80					51,47					51,20
2 11: 2,80					4,27					4,00
2 12: 60,00					47,20					47,20
2 13: 58,80					47,47					47,20
3 0: 4,00					2,00					2,00
3 1: 4,00					2,00					2,00
3 2: 0,50					0,50					0,50
3 3: 0,60					0,60					0,60
3 4: 4,00					4,00					4,00
3 5: 4,00					4,00					4,00
3 6: 7,00					7,00					7,00
3 7: 11,00					11,00					11,00
3 8: 7,00					7,00					7,00
3 9: 17,00					17,00					17,00
3 10: 53,85					52,10					52,10
3 11: 6,45					6,50					6,50
3 12: 47,40					45,60					45,60
3 13: 49,85					48,10					48,10
4 0: 36,00					48,00					60,00
4 1: 24,00					24,00					-24,00
4 2: 0,00					0,00					0,00
4 3: 2,57					2,57					2,57
4 4: 12,00					12,00					12,00
4 5: 0,00					0,00					0,00
4 6: 857,14					857,14					0,00
4 7: 5,14					4,29					1,71
4 8: 1,71					3,43					4,29
4 9: 0,00					0,00					0,00
4 10: 0,00					0,00					0,00
4 11: 0,86					0,00					2,57
4 12: 107,14					107,14					85,71
4 13: 51,43					51,43					34,29
4 14: 60,00					68,57					60,00
5 0: 8,00					8,00					8,00
5 1: -8,00					-8,00					-8,00
5 2: 4,00					4,00					4,00
5 3: 2,67					2,67					2,67
5 4: 2,00					2,00					2,00
5 5: 4,00					4,00					4,00
5 6: 266,67					266,67					266,67
5 7: 2,67					2,67					2,67
5 8: 0,00					0,00					0,00
5 9: 0,00					0,00					0,00
5 10: 0,00					0,00					0,00
5 11: 0,00					0,00					0,00
5 12: 33,33					33,33					33,33
5 13: 0,00					0,00					0,00
5 14: 40,00					40,00					40,00
6 0: 18,59					12,60					12,60
6 1: 2,97					-1,24					-2,47
6 2: 2,84					4,23					5,16
6 3: 0,17					0,24					0,28
6 4: 0,84					0,82					0,80
6 5: 0,00					0,00					0,00
6 6: 2,91					9,44					4,13
6 7: 0,03					0,05					0,02
6 8: 0,12					0,10					0,06
6 9: 1,60					1,36					1,38
6 10: 1,63					1,22					0,00
6 11: 0,31					0,35					0,38
6 12: 10,27					10,29					11,24
6 13: 6,56					4,05					3,88
6 14: 2,01					4,03					3,97
7 0: 20,00					20,00					12,00
7 1: 4,00					8,00					12,00
7 2: 0,00					4,00					8,00
7 3: 0,00					0,00					0,00
7 4: 4,00					4,00					0,00
7 5: 16,00					12,00					20,00
7 6: 16,00					12,00					8,00
7 7: 0,53					0,80					0,53
7 8: 8,80					8,80					8,80
7 9: 0,00					0,00					0,00
7 10: 4,00					4,00					0,00
7 11: 17,60					14,13					13,87
7 12: 266,67					266,67					800,00
8 0: 0,00					0,00					0,00
8 1: 0,00					4,00					4,00
8 2: 4,00					4,00					4,00
8 3: 4,00					4,00					4,00
8 4: 4,00					4,00					4,00
8 5: 4,00					0,00					0,00
8 6: 0,00					0,00					0,00
8 7: 0,00					0,00					0,00
8 8: 16,00					16,00					16,00
8 9: 0,00					0,00					0,00
8 10: 4,00					4,00					4,00
8 11: 16,00					16,00					16,00
8 12: 0,00					0,00					0,00
9 0: 0,00					0,00					0,00
9 1: 0,00					0,00					0,00
9 2: 0,00					0,00					0,00
9 3: 0,00					0,00					0,00
9 4: 0,00					0,00					0,00
9 5: 0,00					0,00					0,00
9 6: 0,00					0,00					0,00
9 7: 0,00					0,00					0,00
9 8: 0,00					0,00					0,00
9 9: 0,00					0,00					0,00
9 10: 0,00					0,00					0,00
9 11: 0,00					0,00					0,00
9 12: 0,00					0,00					0,00
