Distance: 					12,78					1480971,99
0 0: 18,75					18,75					18,75
0 1: 1,61					1,20					1,20
0 2: 1,00					0,50					0,50
0 3: 3,12					1,50					1,50
0 4: 0,45					0,23					0,23
0 5: 0,00					0,00					0,00
0 6: 1,50					1,46					1,54
0 7: 1,57					1,53					1,39
0 8: 0,00					0,38					0,46
0 9: 0,00					1,00					1,00
1 0: 0,00					0,00					0,00
1 1: 0,00					0,00					0,00
1 2: 0,00					0,00					0,00
1 3: 0,00					0,00					0,00
1 4: 0,00					0,00					0,00
1 5: 0,00					0,00					0,00
1 6: 0,00					0,00					0,00
1 7: 0,00					0,00					0,00
1 8: 0,00					0,00					0,00
1 9: 0,00					0,00					0,00
2 0: 0,00					0,00					0,00
2 1: 0,00					0,00					0,00
2 2: 0,80					1,00					0,75
2 3: 0,80					1,00					0,75
2 4: 1,00					0,00					1,00
2 5: 1,00					0,00					1,00
2 6: 3,00					3,00					4,00
2 7: 5,00					6,00					7,00
2 8: 5,00					6,00					7,00
2 9: 6,00					7,00					9,00
2 10: 62,80					62,80					61,93
2 11: 2,80					3,60					4,33
2 12: 60,00					59,20					57,60
2 13: 58,80					58,80					57,93
3 0: 4,00					4,00					4,00
3 1: 4,00					4,00					4,00
3 2: 0,50					0,50					0,50
3 3: 0,60					0,60					0,60
3 4: 4,00					4,00					4,00
3 5: 4,00					4,00					4,00
3 6: 7,00					7,00					7,00
3 7: 11,00					11,00					11,00
3 8: 7,00					7,00					7,00
3 9: 17,00					17,00					17,00
3 10: 53,85					53,85					53,85
3 11: 6,45					6,45					6,45
3 12: 47,40					47,40					47,40
3 13: 49,85					49,85					49,85
4 0: 36,00					36,00					84,00
4 1: 24,00					24,00					24,00
4 2: 0,00					0,00					12,00
4 3: 2,57					2,57					2,57
4 4: 12,00					12,00					8,00
4 5: 0,00					0,00					0,00
4 6: 857,14					857,14					171,43
4 7: 5,14					5,14					4,29
4 8: 1,71					1,71					4,29
4 9: 0,00					0,00					17,14
4 10: 0,00					0,00					0,00
4 11: 0,86					0,86					0,86
4 12: 107,14					107,14					21,43
4 13: 51,43					51,43					51,43
4 14: 60,00					60,00					60,00
5 0: 8,00					8,00					12,00
5 1: -8,00					-8,00					-12,00
5 2: 4,00					4,00					0,00
5 3: 2,67					2,67					1,33
5 4: 2,00					2,00					4,00
5 5: 4,00					4,00					0,00
5 6: 266,67					266,67					266,67
5 7: 2,67					2,67					1,33
5 8: 0,00					0,00					1,33
5 9: 0,00					0,00					0,00
5 10: 0,00					0,00					0,00
5 11: 0,00					0,00					0,00
5 12: 33,33					33,33					33,33
5 13: 0,00					0,00					13,33
5 14: 40,00					40,00					26,67
6 0: 18,59					19,24					19,11
6 1: 2,97					2,31					2,80
6 2: 2,84					2,44					2,44
6 3: 0,17					0,19					0,19
6 4: 0,84					0,89					0,89
6 5: 0,00					0,00					0,00
6 6: 2,91					2,45					6,58
6 7: 0,03					0,04					0,07
6 8: 0,12					0,07					0,05
6 9: 1,60					1,70					1,51
6 10: 1,63					1,22					2,45
6 11: 0,31					0,32					0,29
6 12: 10,27					11,10					12,29
6 13: 6,56					6,63					6,46
6 14: 2,01					2,00					2,17
7 0: 20,00					20,00					16,00
7 1: 4,00					4,00					4,00
7 2: 0,00					0,00					0,00
7 3: 0,00					0,00					4,00
7 4: 4,00					4,00					12,00
7 5: 16,00					16,00					12,00
7 6: 16,00					16,00					12,00
7 7: 0,53					0,80					0,80
7 8: 8,80					8,80					8,80
7 9: 0,00					0,00					0,00
7 10: 4,00					4,00					4,00
7 11: 17,60					17,60					17,33
7 12: 266,67					266,67					266,67
8 0: 0,00					0,00					0,00
8 1: 0,00					0,00					0,00
8 2: 4,00					4,00					8,00
8 3: 4,00					4,00					0,00
8 4: 4,00					4,00					4,00
8 5: 4,00					4,00					4,00
8 6: 0,00					0,00					0,00
8 7: 0,00					0,00					0,00
8 8: 16,00					16,00					16,00
8 9: 0,00					0,00					0,00
8 10: 4,00					4,00					0,00
8 11: 16,00					16,00					16,00
8 12: 0,00					0,00					1000,00
9 0: 0,00					0,00					0,00
9 1: 0,00					0,00					0,00
9 2: 0,00					0,00					0,00
9 3: 0,00					0,00					0,00
9 4: 0,00					0,00					0,00
9 5: 0,00					0,00					0,00
9 6: 0,00					0,00					0,00
9 7: 0,00					0,00					0,00
9 8: 0,00					0,00					0,00
9 9: 0,00					0,00					0,00
9 10: 0,00					0,00					0,00
9 11: 0,00					0,00					0,00
9 12: 0,00					0,00					0,00
