Distance: 					1199,21					1073988,84
0 0: 41,25					41,55					41,55
0 1: 1,18					1,00					1,00
0 2: 2,00					1,50					1,50
0 3: 2,00					1,50					1,50
0 4: 0,49					0,17					0,17
0 5: 0,00					0,09					0,09
0 6: 1,43					1,45					1,45
0 7: 1,82					2,04					2,04
0 8: 0,38					0,62					0,62
0 9: 1,00					2,50					2,50
1 0: 0,00					0,00					0,00
1 1: 0,00					0,00					0,00
1 2: 0,00					0,00					0,00
1 3: 0,00					0,00					0,00
1 4: 0,00					0,00					0,00
1 5: 0,00					0,00					0,00
1 6: 0,00					0,00					0,00
1 7: 0,00					0,00					0,00
1 8: 0,00					0,00					0,00
1 9: 0,00					0,00					0,00
2 0: 7,00					2,00					2,00
2 1: 7,00					2,00					2,00
2 2: 0,57					0,57					0,57
2 3: 0,57					0,57					0,57
2 4: 3,00					3,00					3,00
2 5: 3,00					3,00					3,00
2 6: 6,00					5,00					5,00
2 7: 7,00					7,00					7,00
2 8: 6,00					7,00					7,00
2 9: 12,00					10,00					10,00
2 10: 69,50					71,64					71,64
2 11: 5,14					4,55					4,55
2 12: 64,36					67,09					67,09
2 13: 69,50					71,64					71,64
3 0: 7,00					7,00					5,00
3 1: 7,00					7,00					5,00
3 2: 0,67					1,00					0,33
3 3: 0,67					0,67					0,50
3 4: 4,00					0,00					8,00
3 5: 4,00					4,00					8,00
3 6: 3,00					3,00					1,00
3 7: 8,00					9,00					10,00
3 8: 7,00					7,00					7,00
3 9: 14,00					16,00					19,00
3 10: 66,75					63,75					75,00
3 11: 5,75					5,75					5,00
3 12: 61,00					58,00					70,00
3 13: 66,75					63,75					75,00
4 0: 84,00					84,00					84,00
4 1: -24,00					-24,00					-24,00
4 2: 24,00					12,00					12,00
4 3: 2,86					2,29					2,29
4 4: 7,20					9,00					9,00
4 5: 0,00					0,00					0,00
4 6: 0,00					0,00					0,00
4 7: 4,57					4,00					4,00
4 8: 2,86					2,86					2,86
4 9: 5,71					17,14					17,14
4 10: 0,00					0,00					0,00
4 11: 1,71					1,71					1,71
4 12: 57,14					42,86					42,86
4 13: 51,43					45,71					45,71
4 14: 51,43					57,14					57,14
5 0: 20,00					20,00					24,00
5 1: 20,00					20,00					24,00
5 2: 0,00					0,00					4,00
5 3: 1,33					1,33					2,67
5 4: 4,00					4,00					2,00
5 5: 0,00					0,00					4,00
5 6: 0,00					0,00					0,00
5 7: 1,33					1,33					0,00
5 8: 1,33					1,33					1,33
5 9: 0,00					0,00					0,00
5 10: 0,00					0,00					266,67
5 11: 0,00					0,00					0,00
5 12: 33,33					33,33					66,67
5 13: 26,67					26,67					26,67
5 14: 13,33					13,33					13,33
6 0: 11,27					13,71					12,08
6 1: 0,00					1,89					0,00
6 2: 8,52					4,44					1,67
6 3: 0,20					0,17					0,17
6 4: 0,67					0,76					0,89
6 5: 0,00					0,00					0,00
6 6: 0,00					3,61					6,40
6 7: 0,05					0,04					0,06
6 8: 0,36					0,33					0,33
6 9: 1,97					1,90					1,27
6 10: 0,00					0,56					6,57
6 11: 0,22					0,20					0,17
6 12: 3,17					5,04					6,98
6 13: 4,28					5,51					2,94
6 14: 3,33					2,46					5,02
7 0: 12,00					16,00					16,00
7 1: 16,00					28,00					28,00
7 2: 16,00					4,00					4,00
7 3: 0,00					4,00					4,00
7 4: 28,00					16,00					16,00
7 5: 8,00					12,00					12,00
7 6: 8,00					8,00					8,00
7 7: 0,73					0,55					0,55
7 8: 11,33					11,33					11,33
7 9: 0,00					0,00					0,00
7 10: 0,00					0,00					0,00
7 11: 21,45					22,36					22,36
7 12: 0,00					0,00					0,00
8 0: 4,00					4,00					4,00
8 1: 4,00					4,00					0,00
8 2: 4,00					4,00					0,00
8 3: 0,00					0,00					8,00
8 4: 4,00					4,00					0,00
8 5: 0,00					0,00					0,00
8 6: 0,00					0,00					4,00
8 7: 0,00					0,00					0,00
8 8: 16,00					16,00					16,00
8 9: 0,00					0,00					0,00
8 10: 4,00					4,00					0,00
8 11: 20,00					19,00					22,00
8 12: 0,00					0,00					1000,00
9 0: 0,00					0,00					0,00
9 1: 0,00					0,00					0,00
9 2: 0,00					0,00					0,00
9 3: 0,00					0,00					0,00
9 4: 0,00					0,00					0,00
9 5: 0,00					0,00					0,00
9 6: 0,00					0,00					0,00
9 7: 0,00					0,00					0,00
9 8: 0,00					0,00					0,00
9 9: 0,00					0,00					0,00
9 10: 0,00					0,00					0,00
9 11: 0,00					0,00					0,00
9 12: 0,00					0,00					0,00
