Distance: 					378,19					1133375,94
0 0: 41,25					41,22					41,22
0 1: 1,18					0,95					1,00
0 2: 2,00					1,50					1,50
0 3: 2,00					1,50					1,50
0 4: 0,49					0,18					0,22
0 5: 0,00					0,09					0,09
0 6: 1,43					1,43					1,43
0 7: 1,82					1,73					1,73
0 8: 0,38					0,66					0,59
0 9: 1,00					2,50					2,00
1 0: 0,00					0,00					0,00
1 1: 0,00					0,00					0,00
1 2: 0,00					0,00					0,00
1 3: 0,00					0,00					0,00
1 4: 0,00					0,00					0,00
1 5: 0,00					0,00					0,00
1 6: 0,00					0,00					0,00
1 7: 0,00					0,00					0,00
1 8: 0,00					0,00					0,00
1 9: 0,00					0,00					0,00
2 0: 7,00					7,00					2,00
2 1: 7,00					7,00					7,00
2 2: 0,57					0,80					1,00
2 3: 0,57					0,80					1,00
2 4: 3,00					1,00					0,00
2 5: 3,00					1,00					0,00
2 6: 6,00					6,00					6,00
2 7: 7,00					6,00					8,00
2 8: 6,00					6,00					7,00
2 9: 12,00					9,00					12,00
2 10: 69,50					71,23					71,27
2 11: 5,14					5,23					5,27
2 12: 64,36					66,00					66,00
2 13: 69,50					71,23					71,27
3 0: 7,00					7,00					7,00
3 1: 7,00					7,00					7,00
3 2: 0,67					0,67					1,00
3 3: 0,67					0,67					1,00
3 4: 4,00					4,00					0,00
3 5: 4,00					4,00					0,00
3 6: 3,00					3,00					3,00
3 7: 8,00					8,00					7,00
3 8: 7,00					7,00					7,00
3 9: 14,00					14,00					20,00
3 10: 66,75					66,83					67,83
3 11: 5,75					5,83					4,83
3 12: 61,00					61,00					63,00
3 13: 66,75					66,83					67,83
4 0: 84,00					84,00					96,00
4 1: -24,00					-24,00					-48,00
4 2: 24,00					24,00					24,00
4 3: 2,86					2,86					2,29
4 4: 7,20					7,20					6,00
4 5: 0,00					0,00					0,00
4 6: 0,00					0,00					228,57
4 7: 4,57					4,00					2,29
4 8: 2,86					3,43					3,43
4 9: 5,71					11,43					11,43
4 10: 0,00					0,00					57,14
4 11: 1,71					1,14					1,14
4 12: 57,14					57,14					100,00
4 13: 51,43					45,71					51,43
4 14: 51,43					62,86					57,14
5 0: 20,00					20,00					52,00
5 1: 20,00					20,00					52,00
5 2: 0,00					0,00					0,00
5 3: 1,33					1,33					1,33
5 4: 4,00					4,00					4,00
5 5: 0,00					0,00					0,00
5 6: 0,00					0,00					266,67
5 7: 1,33					1,33					0,00
5 8: 1,33					1,33					0,00
5 9: 0,00					0,00					0,00
5 10: 0,00					0,00					0,00
5 11: 0,00					0,00					1,33
5 12: 33,33					33,33					66,67
5 13: 26,67					26,67					13,33
5 14: 13,33					13,33					13,33
6 0: 11,27					10,10					12,19
6 1: 0,00					0,00					0,00
6 2: 8,52					10,08					5,53
6 3: 0,20					0,19					0,16
6 4: 0,67					0,58					0,74
6 5: 0,00					0,00					0,00
6 6: 0,00					4,17					8,89
6 7: 0,05					0,06					0,03
6 8: 0,36					0,33					0,34
6 9: 1,97					1,61					1,49
6 10: 0,00					0,00					3,08
6 11: 0,22					0,22					0,19
6 12: 3,17					4,34					5,97
6 13: 4,28					4,77					4,52
6 14: 3,33					2,79					3,32
7 0: 12,00					16,00					16,00
7 1: 16,00					16,00					16,00
7 2: 16,00					12,00					8,00
7 3: 0,00					0,00					8,00
7 4: 28,00					20,00					16,00
7 5: 8,00					12,00					12,00
7 6: 8,00					12,00					12,00
7 7: 0,73					0,73					0,73
7 8: 11,33					11,33					14,40
7 9: 0,00					0,00					0,00
7 10: 0,00					0,00					4,00
7 11: 21,45					22,00					22,00
7 12: 0,00					0,00					0,00
8 0: 4,00					4,00					12,00
8 1: 4,00					4,00					0,00
8 2: 4,00					4,00					4,00
8 3: 0,00					0,00					0,00
8 4: 4,00					4,00					0,00
8 5: 0,00					0,00					0,00
8 6: 0,00					0,00					0,00
8 7: 0,00					0,00					1,00
8 8: 16,00					16,00					6,00
8 9: 0,00					0,00					0,00
8 10: 4,00					4,00					4,00
8 11: 20,00					20,00					21,00
8 12: 0,00					0,00					1000,00
9 0: 0,00					0,00					0,00
9 1: 0,00					0,00					0,00
9 2: 0,00					0,00					0,00
9 3: 0,00					0,00					0,00
9 4: 0,00					0,00					0,00
9 5: 0,00					0,00					0,00
9 6: 0,00					0,00					0,00
9 7: 0,00					0,00					0,00
9 8: 0,00					0,00					0,00
9 9: 0,00					0,00					0,00
9 10: 0,00					0,00					0,00
9 11: 0,00					0,00					0,00
9 12: 0,00					0,00					0,00
