Distance: 					373,74					4090949,41
0 0: 41,25					41,26					41,26
0 1: 1,18					1,00					1,00
0 2: 2,00					1,50					1,50
0 3: 2,00					1,50					1,50
0 4: 0,49					0,20					0,20
0 5: 0,00					0,09					0,09
0 6: 1,43					1,50					1,50
0 7: 1,82					1,80					1,80
0 8: 0,38					0,59					0,59
0 9: 1,00					2,00					2,00
1 0: 0,00					0,00					0,00
1 1: 0,00					0,00					0,00
1 2: 0,00					0,00					0,00
1 3: 0,00					0,00					0,00
1 4: 0,00					0,00					0,00
1 5: 0,00					0,00					0,00
1 6: 0,00					0,00					0,00
1 7: 0,00					0,00					0,00
1 8: 0,00					0,00					0,00
1 9: 0,00					0,00					0,00
2 0: 7,00					7,00					7,00
2 1: 7,00					7,00					7,00
2 2: 0,57					0,83					0,83
2 3: 0,57					0,83					0,83
2 4: 3,00					1,00					1,00
2 5: 3,00					1,00					1,00
2 6: 6,00					6,00					6,00
2 7: 7,00					6,00					6,00
2 8: 6,00					6,00					6,00
2 9: 12,00					9,00					9,00
2 10: 69,50					71,05					71,05
2 11: 5,14					5,05					5,05
2 12: 64,36					66,00					66,00
2 13: 69,50					71,05					71,05
3 0: 7,00					7,00					7,00
3 1: 7,00					7,00					7,00
3 2: 0,67					0,67					0,50
3 3: 0,67					0,67					1,00
3 4: 4,00					4,00					4,00
3 5: 4,00					4,00					0,00
3 6: 3,00					3,00					1,00
3 7: 8,00					8,00					11,00
3 8: 7,00					7,00					10,00
3 9: 14,00					14,00					13,00
3 10: 66,75					66,83					66,92
3 11: 5,75					5,83					5,92
3 12: 61,00					61,00					61,00
3 13: 66,75					66,83					66,92
4 0: 84,00					84,00					84,00
4 1: -24,00					-24,00					-24,00
4 2: 24,00					24,00					24,00
4 3: 2,86					2,86					2,86
4 4: 7,20					7,20					7,20
4 5: 0,00					0,00					0,00
4 6: 0,00					0,00					0,00
4 7: 4,57					4,00					4,00
4 8: 2,86					3,43					3,43
4 9: 5,71					11,43					11,43
4 10: 0,00					0,00					0,00
4 11: 1,71					1,14					1,14
4 12: 57,14					57,14					57,14
4 13: 51,43					45,71					45,71
4 14: 51,43					62,86					62,86
5 0: 20,00					20,00					24,00
5 1: 20,00					20,00					24,00
5 2: 0,00					0,00					0,00
5 3: 1,33					1,33					1,33
5 4: 4,00					4,00					4,00
5 5: 0,00					0,00					0,00
5 6: 0,00					0,00					266,67
5 7: 1,33					1,33					0,00
5 8: 1,33					1,33					1,33
5 9: 0,00					0,00					0,00
5 10: 0,00					0,00					133,33
5 11: 0,00					0,00					0,00
5 12: 33,33					33,33					66,67
5 13: 26,67					26,67					13,33
5 14: 13,33					13,33					26,67
6 0: 11,27					10,10					10,21
6 1: 0,00					0,00					0,87
6 2: 8,52					9,38					6,50
6 3: 0,20					0,20					0,18
6 4: 0,67					0,61					0,68
6 5: 0,00					0,00					0,00
6 6: 0,00					4,17					9,91
6 7: 0,05					0,06					0,06
6 8: 0,36					0,33					0,34
6 9: 1,97					1,69					1,35
6 10: 0,00					0,00					2,87
6 11: 0,22					0,22					0,18
6 12: 3,17					4,25					5,80
6 13: 4,28					4,71					4,84
6 14: 3,33					2,80					2,87
7 0: 12,00					16,00					16,00
7 1: 16,00					20,00					20,00
7 2: 16,00					8,00					8,00
7 3: 0,00					0,00					0,00
7 4: 28,00					24,00					24,00
7 5: 8,00					8,00					8,00
7 6: 8,00					12,00					12,00
7 7: 0,73					0,55					0,55
7 8: 11,33					11,33					11,33
7 9: 0,00					0,00					0,00
7 10: 0,00					0,00					0,00
7 11: 21,45					22,00					22,00
7 12: 0,00					0,00					0,00
8 0: 4,00					4,00					4,00
8 1: 4,00					4,00					8,00
8 2: 4,00					4,00					0,00
8 3: 0,00					0,00					0,00
8 4: 4,00					4,00					4,00
8 5: 0,00					0,00					0,00
8 6: 0,00					0,00					0,00
8 7: 0,00					0,00					0,00
8 8: 16,00					16,00					16,00
8 9: 0,00					0,00					0,00
8 10: 4,00					4,00					0,00
8 11: 20,00					20,00					20,00
8 12: 0,00					0,00					2000,00
9 0: 0,00					0,00					0,00
9 1: 0,00					0,00					0,00
9 2: 0,00					0,00					0,00
9 3: 0,00					0,00					0,00
9 4: 0,00					0,00					0,00
9 5: 0,00					0,00					0,00
9 6: 0,00					0,00					0,00
9 7: 0,00					0,00					0,00
9 8: 0,00					0,00					0,00
9 9: 0,00					0,00					0,00
9 10: 0,00					0,00					0,00
9 11: 0,00					0,00					0,00
9 12: 0,00					0,00					0,00
