Distance: 					651,56					651,68
0 0: 7,50					7,57					7,15
0 1: 1,00					0,54					0,54
0 2: 1,00					0,50					0,50
0 3: 1,00					1,50					1,50
0 4: 0,00					0,04					0,04
0 5: 0,00					0,00					0,00
0 6: 1,87					1,23					1,23
0 7: 1,72					0,91					0,91
0 8: 0,41					0,53					0,53
0 9: 4,00					3,50					3,50
1 0: 2,00					4,00					4,00
1 1: 2,00					-8,00					-8,00
1 2: 1,00					0,71					0,71
1 3: 1,00					0,71					0,71
1 4: 0,00					2,00					2,00
1 5: 0,00					2,00					2,00
1 6: 5,00					3,00					3,00
1 7: 6,00					8,00					8,00
1 8: 6,00					6,00					6,00
1 9: 8,00					15,00					15,00
1 10: 61,44					73,57					73,57
1 11: 4,44					4,17					4,17
1 12: 57,00					69,39					69,39
1 13: 59,44					64,57					64,57
2 0: 4,00					7,00					7,00
2 1: 0,00					-2,00					-2,00
2 2: 4,00					2,00					2,00
2 3: 0,40					0,23					0,23
2 4: 0,33					0,60					0,60
2 5: 1,00					0,00					0,00
2 6: 0,20					0,14					0,14
2 7: 0,07					0,32					0,32
2 8: 0,27					0,32					0,32
2 9: 0,00					0,05					0,05
2 10: 0,00					0,00					0,00
2 11: 0,00					0,00					0,00
2 12: 0,67					0,32					0,32
2 13: 0,20					0,41					0,41
2 14: 0,40					0,55					0,55
3 0: 14,00					7,00					7,00
3 1: -3,00					-5,00					-5,00
3 2: 1,00					0,00					0,00
3 3: 0,29					0,29					0,29
3 4: 0,50					1,00					1,00
3 5: 0,00					0,00					0,00
3 6: 0,14					0,14					0,14
3 7: 0,00					0,29					0,29
3 8: 0,43					0,00					0,00
3 9: 0,00					0,14					0,14
3 10: 0,00					0,00					0,00
3 11: 0,00					0,00					0,00
3 12: 0,57					0,57					0,57
3 13: 0,29					0,71					0,71
3 14: 0,57					0,29					0,29
4 0: 12,88					14,88					14,88
4 1: 3,25					9,88					9,88
4 2: 2,25					0,50					0,50
4 3: 0,32					0,18					0,18
4 4: 0,72					0,86					0,86
4 5: 0,38					0,00					0,00
4 6: 0,01					0,01					0,01
4 7: 0,00					0,05					0,05
4 8: 0,10					0,24					0,24
4 9: 0,18					0,13					0,13
4 10: 0,00					0,03					0,03
4 11: 0,00					0,00					0,00
4 12: 0,72					0,58					0,58
4 13: 0,55					0,87					0,87
4 14: 0,21					0,07					0,07
5 0: 0,25					0,13					0,13
5 1: 1,43					3,00					3,00
5 2: 1,00					2,00					2,00
5 3: 0,00					0,00					0,00
5 4: 1,00					0,00					0,00
5 5: 4,62					5,00					5,00
5 6: 0,00					0,00					0,00
6 0: 0,12					0,12					0,12
6 1: 3,50					3,50					3,50
6 2: 4,00					4,00					4,00
6 3: 0,00					0,00					0,00
6 4: 0,00					1,00					1,00
6 5: 3,50					5,00					5,00
6 6: 0,00					0,00					0,00
7 0: 0,20					0,00					0,00
7 1: 2,00					4,00					4,00
7 2: 4,00					0,00					0,00
7 3: 0,00					0,00					0,00
7 4: 0,00					1,00					1,00
7 5: 4,20					4,25					4,25
7 6: 0,00					0,00					0,00
