Distance: 					0,88					703,62
0 0: 0,94					0,94					0,94
0 1: 0,80					0,58					0,57
0 2: 0,50					0,25					0,25
0 3: 1,56					1,50					1,50
0 4: 0,22					0,14					0,13
0 5: 0,00					0,00					0,00
0 6: 0,75					0,71					0,71
0 7: 0,20					0,15					0,15
0 8: 0,00					0,23					0,25
0 9: 0,00					0,50					0,50
1 0: 0,00					0,00					10,00
1 1: 0,00					0,00					-2,00
1 2: 0,80					0,80					0,60
1 3: 0,80					0,80					0,60
1 4: 1,00					1,00					2,00
1 5: 1,00					1,00					2,00
1 6: 3,00					3,00					3,00
1 7: 5,00					5,00					7,00
1 8: 5,00					5,00					7,00
1 9: 6,00					6,00					7,00
1 10: 62,80					62,53					74,20
1 11: 2,80					2,53					3,00
1 12: 60,00					60,00					71,20
1 13: 58,80					58,53					70,20
2 0: 4,00					4,00					9,00
2 1: 4,00					4,00					-3,00
2 2: 0,50					0,50					1,00
2 3: 0,60					0,60					0,83
2 4: 4,00					4,00					0,00
2 5: 4,00					4,00					2,00
2 6: 7,00					7,00					6,00
2 7: 11,00					11,00					8,00
2 8: 7,00					7,00					5,00
2 9: 17,00					17,00					17,00
2 10: 53,85					53,75					55,85
2 11: 6,45					6,35					4,85
2 12: 47,40					47,40					51,00
2 13: 49,85					49,75					51,85
3 0: 3,00					3,00					3,00
3 1: 2,00					2,00					2,00
3 2: 0,00					0,00					1,00
3 3: 0,21					0,29					0,21
3 4: 1,00					1,00					0,67
3 5: 0,00					0,00					0,00
3 6: 0,36					0,14					0,21
3 7: 0,43					0,14					0,07
3 8: 0,14					0,14					0,29
3 9: 0,00					0,00					0,00
3 10: 0,00					0,00					0,00
3 11: 0,07					0,14					0,14
3 12: 0,36					0,57					0,50
3 13: 0,43					0,43					0,43
3 14: 0,50					0,43					0,43
4 0: 2,00					2,00					4,00
4 1: -2,00					-2,00					4,00
4 2: 1,00					1,00					0,00
4 3: 0,67					0,67					0,33
4 4: 0,50					0,50					1,00
4 5: 1,00					1,00					0,00
4 6: 0,33					0,33					0,33
4 7: 0,67					0,67					0,00
4 8: 0,00					0,00					0,67
4 9: 0,00					0,00					0,00
4 10: 0,00					0,00					0,00
4 11: 0,00					0,00					0,00
4 12: 0,33					0,33					0,33
4 13: 0,00					0,00					0,33
4 14: 1,00					1,00					0,67
5 0: 3,10					3,17					4,75
5 1: 0,49					0,41					0,00
5 2: 0,47					0,46					0,64
5 3: 0,03					0,03					0,03
5 4: 0,14					0,15					0,13
5 5: 0,00					0,00					0,00
5 6: 0,00					0,01					0,01
5 7: 0,00					0,00					0,00
5 8: 0,02					0,01					0,02
5 9: 0,03					0,02					0,02
5 10: 0,00					0,02					0,00
5 11: 0,05					0,05					0,05
5 12: 0,07					0,10					0,09
5 13: 0,11					0,11					0,11
5 14: 0,03					0,03					0,03
6 0: 5,00					5,00					3,00
6 1: 1,00					1,00					1,00
6 2: 0,00					0,00					0,00
6 3: 0,00					0,00					0,00
6 4: 1,00					1,00					2,00
6 5: 4,00					4,00					3,00
6 6: 4,00					4,00					6,00
6 7: 0,13					0,20					0,20
6 8: 2,20					2,20					2,20
6 9: 0,00					0,00					0,00
6 10: 1,00					1,00					0,00
6 11: 4,40					4,40					5,27
6 12: 0,07					0,07					0,13
7 0: 0,00					0,00					0,00
7 1: 0,00					0,00					0,00
7 2: 1,00					1,00					0,00
7 3: 1,00					1,00					1,00
7 4: 1,00					1,00					0,00
7 5: 1,00					1,00					2,00
7 6: 0,00					0,00					1,00
7 7: 0,00					0,00					0,25
7 8: 4,00					4,00					1,50
7 9: 0,00					0,00					0,00
7 10: 1,00					1,00					0,00
7 11: 4,00					4,00					4,00
7 12: 0,00					0,00					0,00
