Distance: 					178303,19					899530,60
0 0: 18,75					27,54					12,14
0 1: 1,61					1,33					1,17
0 2: 1,00					1,00					0,50
0 3: 3,12					1,00					0,50
0 4: 0,45					0,21					0,44
0 5: 0,00					0,00					0,27
0 6: 1,50					2,00					1,83
0 7: 1,57					3,18					2,69
0 8: 0,00					0,62					0,42
0 9: 0,00					3,00					2,00
1 0: 0,00					0,00					0,00
1 1: 0,00					0,00					0,00
1 2: 0,00					0,00					0,00
1 3: 0,00					0,00					0,00
1 4: 0,00					0,00					0,00
1 5: 0,00					0,00					0,00
1 6: 0,00					0,00					0,00
1 7: 0,00					0,00					0,00
1 8: 0,00					0,00					0,00
1 9: 0,00					0,00					0,00
2 0: 0,00					0,00					0,00
2 1: 0,00					0,00					0,00
2 2: 0,80					0,57					1,00
2 3: 0,80					0,57					1,00
2 4: 1,00					3,00					0,00
2 5: 1,00					3,00					0,00
2 6: 3,00					4,00					3,00
2 7: 5,00					4,00					6,00
2 8: 5,00					4,00					5,00
2 9: 6,00					5,00					14,00
2 10: 62,80					63,33					62,53
2 11: 2,80					3,33					4,13
2 12: 60,00					60,00					58,40
2 13: 58,80					59,33					58,53
3 0: 4,00					0,00					4,00
3 1: 4,00					7,00					4,00
3 2: 0,50					0,75					0,83
3 3: 0,60					1,00					0,88
3 4: 4,00					2,00					2,00
3 5: 4,00					0,00					2,00
3 6: 7,00					7,00					6,00
3 7: 11,00					10,00					7,00
3 8: 7,00					6,00					4,00
3 9: 17,00					21,00					19,00
3 10: 53,85					40,85					54,50
3 11: 6,45					6,65					5,30
3 12: 47,40					34,20					49,20
3 13: 49,85					36,85					50,50
4 0: 36,00					36,00					168,00
4 1: 24,00					36,00					0,00
4 2: 0,00					12,00					24,00
4 3: 2,57					2,57					3,43
4 4: 12,00					8,00					6,00
4 5: 0,00					0,00					0,00
4 6: 857,14					685,71					0,00
4 7: 5,14					2,57					1,71
4 8: 1,71					4,29					2,57
4 9: 0,00					0,00					8,57
4 10: 0,00					0,00					0,00
4 11: 0,86					1,71					3,43
4 12: 107,14					85,71					85,71
4 13: 51,43					60,00					34,29
4 14: 60,00					42,86					51,43
5 0: 8,00					28,00					28,00
5 1: -8,00					28,00					28,00
5 2: 4,00					0,00					0,00
5 3: 2,67					1,33					1,33
5 4: 2,00					4,00					4,00
5 5: 4,00					0,00					0,00
5 6: 266,67					0,00					0,00
5 7: 2,67					1,33					1,33
5 8: 0,00					1,33					0,00
5 9: 0,00					13,33					13,33
5 10: 0,00					0,00					0,00
5 11: 0,00					0,00					0,00
5 12: 33,33					0,00					33,33
5 13: 0,00					26,67					13,33
5 14: 40,00					13,33					26,67
6 0: 18,59					32,54					19,12
6 1: 2,97					0,00					0,00
6 2: 2,84					3,36					3,87
6 3: 0,17					0,17					0,18
6 4: 0,84					0,80					0,79
6 5: 0,00					0,00					0,00
6 6: 2,91					1,48					11,35
6 7: 0,03					0,01					0,04
6 8: 0,12					0,08					0,10
6 9: 1,60					1,84					1,03
6 10: 1,63					0,00					6,52
6 11: 0,31					0,32					0,31
6 12: 10,27					10,85					11,93
6 13: 6,56					6,87					6,07
6 14: 2,01					1,81					2,38
7 0: 20,00					28,00					20,00
7 1: 4,00					8,00					12,00
7 2: 0,00					0,00					4,00
7 3: 0,00					0,00					0,00
7 4: 4,00					0,00					4,00
7 5: 16,00					16,00					20,00
7 6: 16,00					8,00					0,00
7 7: 0,53					0,53					0,53
7 8: 8,80					8,80					8,80
7 9: 0,00					0,00					0,00
7 10: 4,00					4,00					4,00
7 11: 17,60					18,40					18,13
7 12: 266,67					0,00					0,00
8 0: 0,00					4,00					0,00
8 1: 0,00					0,00					0,00
8 2: 4,00					0,00					8,00
8 3: 4,00					4,00					0,00
8 4: 4,00					4,00					0,00
8 5: 4,00					4,00					4,00
8 6: 0,00					0,00					4,00
8 7: 0,00					0,00					1,00
8 8: 16,00					16,00					6,00
8 9: 0,00					0,00					0,00
8 10: 4,00					4,00					0,00
8 11: 16,00					12,00					16,00
8 12: 0,00					0,00					0,00
9 0: 0,00					0,00					0,00
9 1: 0,00					0,00					0,00
9 2: 0,00					0,00					0,00
9 3: 0,00					0,00					0,00
9 4: 0,00					0,00					0,00
9 5: 0,00					0,00					0,00
9 6: 0,00					0,00					0,00
9 7: 0,00					0,00					0,00
9 8: 0,00					0,00					0,00
9 9: 0,00					0,00					0,00
9 10: 0,00					0,00					0,00
9 11: 0,00					0,00					0,00
9 12: 0,00					0,00					0,00
