Distance: 					1683,38					1417176,95
0 0: 18,75					18,79					18,79
0 1: 1,61					1,03					1,03
0 2: 1,00					0,00					0,00
0 3: 3,12					2,50					2,50
0 4: 0,45					0,21					0,21
0 5: 0,00					0,27					0,27
0 6: 1,50					1,50					1,50
0 7: 1,57					1,31					1,31
0 8: 0,00					0,54					0,54
0 9: 0,00					1,50					1,50
1 0: 0,00					0,00					0,00
1 1: 0,00					0,00					0,00
1 2: 0,00					0,00					0,00
1 3: 0,00					0,00					0,00
1 4: 0,00					0,00					0,00
1 5: 0,00					0,00					0,00
1 6: 0,00					0,00					0,00
1 7: 0,00					0,00					0,00
1 8: 0,00					0,00					0,00
1 9: 0,00					0,00					0,00
2 0: 0,00					11,00					0,00
2 1: 0,00					-1,00					0,00
2 2: 0,80					0,60					0,80
2 3: 0,80					0,60					0,80
2 4: 1,00					2,00					1,00
2 5: 1,00					2,00					1,00
2 6: 3,00					4,00					4,00
2 7: 5,00					6,00					5,00
2 8: 5,00					6,00					5,00
2 9: 6,00					7,00					9,00
2 10: 62,80					73,67					74,67
2 11: 2,80					4,07					5,07
2 12: 60,00					69,60					69,60
2 13: 58,80					69,67					70,67
3 0: 4,00					0,00					0,00
3 1: 4,00					0,00					0,00
3 2: 0,50					0,50					0,50
3 3: 0,60					0,60					0,60
3 4: 4,00					4,00					4,00
3 5: 4,00					4,00					4,00
3 6: 7,00					7,00					7,00
3 7: 11,00					11,00					11,00
3 8: 7,00					7,00					7,00
3 9: 17,00					17,00					17,00
3 10: 53,85					62,35					50,10
3 11: 6,45					5,95					5,70
3 12: 47,40					56,40					44,40
3 13: 49,85					58,35					46,10
4 0: 36,00					48,00					84,00
4 1: 24,00					12,00					0,00
4 2: 0,00					0,00					24,00
4 3: 2,57					2,57					3,43
4 4: 12,00					12,00					6,00
4 5: 0,00					0,00					0,00
4 6: 857,14					857,14					342,86
4 7: 5,14					1,71					3,43
4 8: 1,71					3,43					2,57
4 9: 0,00					0,00					8,57
4 10: 0,00					0,00					0,00
4 11: 0,86					2,57					3,43
4 12: 107,14					107,14					42,86
4 13: 51,43					51,43					42,86
4 14: 60,00					42,86					42,86
5 0: 8,00					8,00					12,00
5 1: -8,00					-8,00					-4,00
5 2: 4,00					4,00					4,00
5 3: 2,67					2,67					2,67
5 4: 2,00					2,00					2,00
5 5: 4,00					4,00					4,00
5 6: 266,67					266,67					533,33
5 7: 2,67					2,67					0,00
5 8: 0,00					0,00					1,33
5 9: 0,00					0,00					0,00
5 10: 0,00					0,00					0,00
5 11: 0,00					0,00					0,00
5 12: 33,33					33,33					66,67
5 13: 0,00					0,00					0,00
5 14: 40,00					40,00					40,00
6 0: 18,59					22,42					37,33
6 1: 2,97					2,74					0,00
6 2: 2,84					2,01					4,17
6 3: 0,17					0,18					0,18
6 4: 0,84					0,91					0,76
6 5: 0,00					0,00					0,00
6 6: 2,91					9,32					3,26
6 7: 0,03					0,02					0,01
6 8: 0,12					0,07					0,11
6 9: 1,60					1,20					1,22
6 10: 1,63					2,31					0,00
6 11: 0,31					0,31					0,34
6 12: 10,27					13,12					11,59
6 13: 6,56					6,74					6,64
6 14: 2,01					1,99					2,07
7 0: 20,00					12,00					20,00
7 1: 4,00					0,00					0,00
7 2: 0,00					0,00					8,00
7 3: 0,00					4,00					0,00
7 4: 4,00					12,00					12,00
7 5: 16,00					12,00					16,00
7 6: 16,00					20,00					4,00
7 7: 0,53					0,80					0,80
7 8: 8,80					8,80					6,67
7 9: 0,00					0,00					0,00
7 10: 4,00					0,00					4,00
7 11: 17,60					20,80					21,87
7 12: 266,67					266,67					0,00
8 0: 0,00					4,00					8,00
8 1: 0,00					4,00					0,00
8 2: 4,00					4,00					4,00
8 3: 4,00					4,00					4,00
8 4: 4,00					0,00					0,00
8 5: 4,00					0,00					0,00
8 6: 0,00					0,00					0,00
8 7: 0,00					0,00					0,00
8 8: 16,00					16,00					16,00
8 9: 0,00					0,00					0,00
8 10: 4,00					4,00					4,00
8 11: 16,00					20,00					16,00
8 12: 0,00					0,00					1000,00
9 0: 0,00					0,00					0,00
9 1: 0,00					0,00					0,00
9 2: 0,00					0,00					0,00
9 3: 0,00					0,00					0,00
9 4: 0,00					0,00					0,00
9 5: 0,00					0,00					0,00
9 6: 0,00					0,00					0,00
9 7: 0,00					0,00					0,00
9 8: 0,00					0,00					0,00
9 9: 0,00					0,00					0,00
9 10: 0,00					0,00					0,00
9 11: 0,00					0,00					0,00
9 12: 0,00					0,00					0,00
