Distance: 					370,96					1081478,29
0 0: 18,75					18,77					18,77
0 1: 1,61					0,90					0,90
0 2: 1,00					0,00					0,00
0 3: 3,12					2,50					2,50
0 4: 0,45					0,20					0,20
0 5: 0,00					0,27					0,27
0 6: 1,50					1,58					1,58
0 7: 1,57					1,53					1,53
0 8: 0,00					0,79					0,79
0 9: 0,00					2,00					2,00
1 0: 0,00					0,00					0,00
1 1: 0,00					0,00					0,00
1 2: 0,00					0,00					0,00
1 3: 0,00					0,00					0,00
1 4: 0,00					0,00					0,00
1 5: 0,00					0,00					0,00
1 6: 0,00					0,00					0,00
1 7: 0,00					0,00					0,00
1 8: 0,00					0,00					0,00
1 9: 0,00					0,00					0,00
2 0: 0,00					0,00					0,00
2 1: 0,00					0,00					0,00
2 2: 0,80					1,00					1,00
2 3: 0,80					1,00					1,00
2 4: 1,00					0,00					0,00
2 5: 1,00					0,00					0,00
2 6: 3,00					3,00					3,00
2 7: 5,00					6,00					6,00
2 8: 5,00					6,00					6,00
2 9: 6,00					7,00					5,00
2 10: 62,80					62,47					62,20
2 11: 2,80					3,27					3,00
2 12: 60,00					59,20					59,20
2 13: 58,80					58,47					58,20
3 0: 4,00					2,00					0,00
3 1: 4,00					2,00					0,00
3 2: 0,50					0,50					0,67
3 3: 0,60					0,60					0,50
3 4: 4,00					4,00					4,00
3 5: 4,00					4,00					8,00
3 6: 7,00					7,00					6,00
3 7: 11,00					11,00					8,00
3 8: 7,00					7,00					5,00
3 9: 17,00					17,00					17,00
3 10: 53,85					52,10					49,10
3 11: 6,45					6,50					5,90
3 12: 47,40					45,60					43,20
3 13: 49,85					48,10					45,10
4 0: 36,00					36,00					48,00
4 1: 24,00					36,00					24,00
4 2: 0,00					0,00					24,00
4 3: 2,57					2,57					4,29
4 4: 12,00					12,00					7,20
4 5: 0,00					0,00					0,00
4 6: 857,14					857,14					857,14
4 7: 5,14					2,57					2,57
4 8: 1,71					3,43					3,43
4 9: 0,00					0,00					0,00
4 10: 0,00					0,00					0,00
4 11: 0,86					1,71					0,00
4 12: 107,14					107,14					150,00
4 13: 51,43					51,43					68,57
4 14: 60,00					51,43					51,43
5 0: 8,00					8,00					20,00
5 1: -8,00					-8,00					20,00
5 2: 4,00					4,00					0,00
5 3: 2,67					2,67					1,33
5 4: 2,00					2,00					4,00
5 5: 4,00					4,00					0,00
5 6: 266,67					266,67					266,67
5 7: 2,67					2,67					0,00
5 8: 0,00					0,00					0,00
5 9: 0,00					0,00					0,00
5 10: 0,00					0,00					0,00
5 11: 0,00					0,00					0,00
5 12: 33,33					33,33					100,00
5 13: 0,00					0,00					26,67
5 14: 40,00					40,00					13,33
6 0: 18,59					20,73					23,32
6 1: 2,97					4,07					0,00
6 2: 2,84					2,18					2,96
6 3: 0,17					0,18					0,17
6 4: 0,84					0,90					0,84
6 5: 0,00					0,00					0,00
6 6: 2,91					9,39					5,93
6 7: 0,03					0,05					0,03
6 8: 0,12					0,09					0,10
6 9: 1,60					1,71					1,18
6 10: 1,63					0,82					2,22
6 11: 0,31					0,34					0,31
6 12: 10,27					10,30					12,42
6 13: 6,56					6,71					6,75
6 14: 2,01					2,04					2,08
7 0: 20,00					16,00					16,00
7 1: 4,00					4,00					0,00
7 2: 0,00					0,00					0,00
7 3: 0,00					0,00					0,00
7 4: 4,00					8,00					8,00
7 5: 16,00					16,00					20,00
7 6: 16,00					16,00					16,00
7 7: 0,53					0,80					0,53
7 8: 8,80					8,80					12,00
7 9: 0,00					0,00					0,00
7 10: 4,00					4,00					0,00
7 11: 17,60					17,33					17,07
7 12: 266,67					266,67					533,33
8 0: 0,00					0,00					12,00
8 1: 0,00					4,00					0,00
8 2: 4,00					4,00					0,00
8 3: 4,00					4,00					4,00
8 4: 4,00					4,00					0,00
8 5: 4,00					0,00					0,00
8 6: 0,00					0,00					0,00
8 7: 0,00					0,00					1,00
8 8: 16,00					16,00					6,00
8 9: 0,00					0,00					0,00
8 10: 4,00					4,00					4,00
8 11: 16,00					16,00					16,00
8 12: 0,00					0,00					1000,00
9 0: 0,00					0,00					0,00
9 1: 0,00					0,00					0,00
9 2: 0,00					0,00					0,00
9 3: 0,00					0,00					0,00
9 4: 0,00					0,00					0,00
9 5: 0,00					0,00					0,00
9 6: 0,00					0,00					0,00
9 7: 0,00					0,00					0,00
9 8: 0,00					0,00					0,00
9 9: 0,00					0,00					0,00
9 10: 0,00					0,00					0,00
9 11: 0,00					0,00					0,00
9 12: 0,00					0,00					0,00
