Distance: 					273,80					1840850,87
0 0: 18,75					18,75					27,56
0 1: 1,61					0,93					0,93
0 2: 1,00					0,50					0,50
0 3: 3,12					2,50					2,50
0 4: 0,45					0,20					0,20
0 5: 0,00					0,13					0,13
0 6: 1,50					1,39					1,39
0 7: 1,57					1,30					1,30
0 8: 0,00					0,67					0,67
0 9: 0,00					1,50					1,50
1 0: 0,00					0,00					0,00
1 1: 0,00					0,00					0,00
1 2: 0,00					0,00					0,00
1 3: 0,00					0,00					0,00
1 4: 0,00					0,00					0,00
1 5: 0,00					0,00					0,00
1 6: 0,00					0,00					0,00
1 7: 0,00					0,00					0,00
1 8: 0,00					0,00					0,00
1 9: 0,00					0,00					0,00
2 0: 0,00					0,00					0,00
2 1: 0,00					0,00					0,00
2 2: 0,80					0,80					0,80
2 3: 0,80					0,80					0,80
2 4: 1,00					1,00					1,00
2 5: 1,00					1,00					1,00
2 6: 3,00					4,00					3,00
2 7: 5,00					5,00					7,00
2 8: 5,00					5,00					7,00
2 9: 6,00					6,00					9,00
2 10: 62,80					63,13					63,40
2 11: 2,80					3,13					3,40
2 12: 60,00					60,00					60,00
2 13: 58,80					59,13					59,40
3 0: 4,00					4,00					9,00
3 1: 4,00					4,00					-3,00
3 2: 0,50					0,50					1,00
3 3: 0,60					0,60					0,83
3 4: 4,00					4,00					0,00
3 5: 4,00					4,00					2,00
3 6: 7,00					7,00					7,00
3 7: 11,00					11,00					8,00
3 8: 7,00					7,00					5,00
3 9: 17,00					17,00					23,00
3 10: 53,85					53,85					53,15
3 11: 6,45					6,45					5,15
3 12: 47,40					47,40					48,00
3 13: 49,85					49,85					49,15
4 0: 36,00					36,00					84,00
4 1: 24,00					36,00					-48,00
4 2: 0,00					0,00					12,00
4 3: 2,57					2,57					2,57
4 4: 12,00					12,00					8,00
4 5: 0,00					0,00					0,00
4 6: 857,14					857,14					171,43
4 7: 5,14					3,43					0,86
4 8: 1,71					4,29					7,71
4 9: 0,00					0,00					8,57
4 10: 0,00					0,00					0,00
4 11: 0,86					0,00					0,86
4 12: 107,14					107,14					42,86
4 13: 51,43					60,00					60,00
4 14: 60,00					60,00					51,43
5 0: 8,00					8,00					28,00
5 1: -8,00					-8,00					-28,00
5 2: 4,00					4,00					0,00
5 3: 2,67					2,67					1,33
5 4: 2,00					2,00					4,00
5 5: 4,00					4,00					0,00
5 6: 266,67					266,67					0,00
5 7: 2,67					2,67					0,00
5 8: 0,00					0,00					1,33
5 9: 0,00					0,00					13,33
5 10: 0,00					0,00					0,00
5 11: 0,00					0,00					1,33
5 12: 33,33					33,33					0,00
5 13: 0,00					0,00					0,00
5 14: 40,00					40,00					26,67
6 0: 18,59					20,12					23,09
6 1: 2,97					4,59					0,00
6 2: 2,84					1,88					5,40
6 3: 0,17					0,19					0,21
6 4: 0,84					0,93					0,74
6 5: 0,00					0,00					0,00
6 6: 2,91					4,08					10,23
6 7: 0,03					0,06					0,00
6 8: 0,12					0,06					0,12
6 9: 1,60					2,17					1,28
6 10: 1,63					1,22					1,63
6 11: 0,31					0,34					0,36
6 12: 10,27					9,49					11,27
6 13: 6,56					6,63					6,30
6 14: 2,01					2,06					2,21
7 0: 20,00					20,00					20,00
7 1: 4,00					8,00					8,00
7 2: 0,00					0,00					4,00
7 3: 0,00					0,00					0,00
7 4: 4,00					4,00					4,00
7 5: 16,00					12,00					20,00
7 6: 16,00					16,00					4,00
7 7: 0,53					1,07					0,53
7 8: 8,80					8,80					12,00
7 9: 0,00					0,00					0,00
7 10: 4,00					4,00					4,00
7 11: 17,60					17,87					17,87
7 12: 266,67					266,67					800,00
8 0: 0,00					0,00					0,00
8 1: 0,00					0,00					0,00
8 2: 4,00					4,00					4,00
8 3: 4,00					4,00					0,00
8 4: 4,00					4,00					0,00
8 5: 4,00					4,00					8,00
8 6: 0,00					0,00					4,00
8 7: 0,00					0,00					1,00
8 8: 16,00					16,00					6,00
8 9: 0,00					0,00					0,00
8 10: 4,00					4,00					0,00
8 11: 16,00					16,00					15,00
8 12: 0,00					0,00					1000,00
9 0: 0,00					0,00					0,00
9 1: 0,00					0,00					0,00
9 2: 0,00					0,00					0,00
9 3: 0,00					0,00					0,00
9 4: 0,00					0,00					0,00
9 5: 0,00					0,00					0,00
9 6: 0,00					0,00					0,00
9 7: 0,00					0,00					0,00
9 8: 0,00					0,00					0,00
9 9: 0,00					0,00					0,00
9 10: 0,00					0,00					0,00
9 11: 0,00					0,00					0,00
9 12: 0,00					0,00					0,00
