Distance: 					1368,46					1443889,14
0 0: 41,25					41,45					41,45
0 1: 1,18					1,09					1,09
0 2: 2,00					0,00					0,00
0 3: 2,00					2,50					2,50
0 4: 0,49					0,56					0,56
0 5: 0,00					0,36					0,36
0 6: 1,43					1,61					1,61
0 7: 1,82					5,48					5,48
0 8: 0,38					0,50					0,50
0 9: 1,00					3,00					3,00
1 0: 0,00					0,00					0,00
1 1: 0,00					0,00					0,00
1 2: 0,00					0,00					0,00
1 3: 0,00					0,00					0,00
1 4: 0,00					0,00					0,00
1 5: 0,00					0,00					0,00
1 6: 0,00					0,00					0,00
1 7: 0,00					0,00					0,00
1 8: 0,00					0,00					0,00
1 9: 0,00					0,00					0,00
2 0: 7,00					2,00					2,00
2 1: 7,00					2,00					11,00
2 2: 0,57					0,67					1,00
2 3: 0,57					0,67					1,00
2 4: 3,00					2,00					0,00
2 5: 3,00					2,00					0,00
2 6: 6,00					5,00					4,00
2 7: 7,00					8,00					10,00
2 8: 6,00					7,00					8,00
2 9: 12,00					12,00					13,00
2 10: 69,50					70,91					83,27
2 11: 5,14					4,91					5,82
2 12: 64,36					66,00					77,45
2 13: 69,50					70,91					83,27
3 0: 7,00					4,00					5,00
3 1: 7,00					7,00					5,00
3 2: 0,67					0,67					1,00
3 3: 0,67					1,00					1,00
3 4: 4,00					4,00					0,00
3 5: 4,00					0,00					0,00
3 6: 3,00					3,00					2,00
3 7: 8,00					8,00					10,00
3 8: 7,00					6,00					7,00
3 9: 14,00					16,00					20,00
3 10: 66,75					62,50					61,75
3 11: 5,75					5,50					5,75
3 12: 61,00					57,00					56,00
3 13: 66,75					62,50					61,75
4 0: 84,00					84,00					84,00
4 1: -24,00					-24,00					-36,00
4 2: 24,00					12,00					0,00
4 3: 2,86					2,29					1,71
4 4: 7,20					9,00					12,00
4 5: 0,00					0,00					0,00
4 6: 0,00					0,00					114,29
4 7: 4,57					4,00					1,14
4 8: 2,86					2,29					4,00
4 9: 5,71					22,86					17,14
4 10: 0,00					0,00					57,14
4 11: 1,71					1,14					1,71
4 12: 57,14					57,14					85,71
4 13: 51,43					51,43					45,71
4 14: 51,43					57,14					57,14
5 0: 20,00					20,00					52,00
5 1: 20,00					20,00					52,00
5 2: 0,00					0,00					0,00
5 3: 1,33					1,33					1,33
5 4: 4,00					4,00					4,00
5 5: 0,00					0,00					0,00
5 6: 0,00					0,00					533,33
5 7: 1,33					1,33					0,00
5 8: 1,33					1,33					0,00
5 9: 0,00					0,00					0,00
5 10: 0,00					0,00					0,00
5 11: 0,00					0,00					0,00
5 12: 33,33					33,33					100,00
5 13: 26,67					26,67					13,33
5 14: 13,33					13,33					26,67
6 0: 11,27					14,00					26,83
6 1: 0,00					0,00					0,00
6 2: 8,52					4,78					5,03
6 3: 0,20					0,16					0,14
6 4: 0,67					0,73					0,69
6 5: 0,00					0,00					0,00
6 6: 0,00					3,58					6,96
6 7: 0,05					0,02					0,01
6 8: 0,36					0,34					0,30
6 9: 1,97					1,80					1,36
6 10: 0,00					0,00					4,10
6 11: 0,22					0,20					0,19
6 12: 3,17					5,42					8,07
6 13: 4,28					5,54					5,90
6 14: 3,33					2,43					2,24
7 0: 12,00					16,00					12,00
7 1: 16,00					24,00					20,00
7 2: 16,00					8,00					8,00
7 3: 0,00					4,00					8,00
7 4: 28,00					8,00					4,00
7 5: 8,00					16,00					16,00
7 6: 8,00					12,00					20,00
7 7: 0,73					0,55					0,73
7 8: 11,33					14,40					11,33
7 9: 0,00					0,00					0,00
7 10: 0,00					0,00					4,00
7 11: 21,45					22,00					25,82
7 12: 0,00					0,00					363,64
8 0: 4,00					4,00					0,00
8 1: 4,00					0,00					12,00
8 2: 4,00					4,00					0,00
8 3: 0,00					0,00					0,00
8 4: 4,00					4,00					0,00
8 5: 0,00					4,00					0,00
8 6: 0,00					0,00					4,00
8 7: 0,00					0,00					0,00
8 8: 16,00					16,00					16,00
8 9: 0,00					0,00					0,00
8 10: 4,00					4,00					0,00
8 11: 20,00					18,00					18,00
8 12: 0,00					0,00					1000,00
9 0: 0,00					0,00					0,00
9 1: 0,00					0,00					0,00
9 2: 0,00					0,00					0,00
9 3: 0,00					0,00					0,00
9 4: 0,00					0,00					0,00
9 5: 0,00					0,00					0,00
9 6: 0,00					0,00					0,00
9 7: 0,00					0,00					0,00
9 8: 0,00					0,00					0,00
9 9: 0,00					0,00					0,00
9 10: 0,00					0,00					0,00
9 11: 0,00					0,00					0,00
9 12: 0,00					0,00					0,00
