Distance: 					7814,91					4116654,10
0 0: 41,25					52,12					22,66
0 1: 1,18					1,52					1,18
0 2: 2,00					0,50					1,50
0 3: 2,00					3,50					1,50
0 4: 0,49					0,47					0,29
0 5: 0,00					0,00					0,18
0 6: 1,43					1,68					1,34
0 7: 1,82					5,64					1,42
0 8: 0,38					0,47					0,41
0 9: 1,00					3,00					5,00
1 0: 0,00					0,00					0,00
1 1: 0,00					0,00					0,00
1 2: 0,00					0,00					0,00
1 3: 0,00					0,00					0,00
1 4: 0,00					0,00					0,00
1 5: 0,00					0,00					0,00
1 6: 0,00					0,00					0,00
1 7: 0,00					0,00					0,00
1 8: 0,00					0,00					0,00
1 9: 0,00					0,00					0,00
2 0: 7,00					4,00					5,00
2 1: 7,00					4,00					5,00
2 2: 0,57					1,00					0,60
2 3: 0,57					1,00					1,00
2 4: 3,00					0,00					2,00
2 5: 3,00					0,00					0,00
2 6: 6,00					6,00					7,00
2 7: 7,00					7,00					9,00
2 8: 6,00					7,00					7,00
2 9: 12,00					11,00					14,00
2 10: 69,50					71,41					68,86
2 11: 5,14					4,32					5,59
2 12: 64,36					67,09					63,27
2 13: 69,50					71,41					68,86
3 0: 7,00					11,00					1,00
3 1: 7,00					11,00					10,00
3 2: 0,67					1,00					1,00
3 3: 0,67					1,00					1,00
3 4: 4,00					0,00					0,00
3 5: 4,00					0,00					0,00
3 6: 3,00					4,00					5,00
3 7: 8,00					6,00					7,00
3 8: 7,00					6,00					7,00
3 9: 14,00					17,00					17,00
3 10: 66,75					80,92					79,58
3 11: 5,75					5,92					4,58
3 12: 61,00					75,00					75,00
3 13: 66,75					80,92					79,58
4 0: 84,00					108,00					168,00
4 1: -24,00					-60,00					60,00
4 2: 24,00					12,00					12,00
4 3: 2,86					1,71					1,71
4 4: 7,20					8,00					8,00
4 5: 0,00					0,00					0,00
4 6: 0,00					0,00					228,57
4 7: 4,57					2,29					0,57
4 8: 2,86					3,43					2,86
4 9: 5,71					17,14					5,71
4 10: 0,00					0,00					114,29
4 11: 1,71					0,57					0,57
4 12: 57,14					100,00					185,71
4 13: 51,43					57,14					62,86
4 14: 51,43					57,14					51,43
5 0: 20,00					28,00					24,00
5 1: 20,00					28,00					24,00
5 2: 0,00					0,00					0,00
5 3: 1,33					1,33					1,33
5 4: 4,00					4,00					4,00
5 5: 0,00					0,00					0,00
5 6: 0,00					0,00					0,00
5 7: 1,33					0,00					0,00
5 8: 1,33					1,33					1,33
5 9: 0,00					26,67					0,00
5 10: 0,00					0,00					133,33
5 11: 0,00					0,00					1,33
5 12: 33,33					0,00					33,33
5 13: 26,67					13,33					26,67
5 14: 13,33					26,67					0,00
6 0: 11,27					15,35					17,47
6 1: 0,00					-1,22					0,00
6 2: 8,52					4,52					4,29
6 3: 0,20					0,16					0,14
6 4: 0,67					0,76					0,72
6 5: 0,00					0,00					0,00
6 6: 0,00					2,17					11,75
6 7: 0,05					0,06					0,02
6 8: 0,36					0,31					0,27
6 9: 1,97					1,72					1,56
6 10: 0,00					3,18					3,50
6 11: 0,22					0,18					0,16
6 12: 3,17					5,77					8,12
6 13: 4,28					2,28					1,96
6 14: 3,33					5,67					5,87
7 0: 12,00					20,00					8,00
7 1: 16,00					12,00					8,00
7 2: 16,00					20,00					20,00
7 3: 0,00					8,00					20,00
7 4: 28,00					12,00					8,00
7 5: 8,00					12,00					12,00
7 6: 8,00					4,00					12,00
7 7: 0,73					0,91					0,73
7 8: 11,33					11,33					14,40
7 9: 0,00					0,00					0,00
7 10: 0,00					4,00					4,00
7 11: 21,45					22,36					21,09
7 12: 0,00					0,00					0,00
8 0: 4,00					4,00					8,00
8 1: 4,00					0,00					0,00
8 2: 4,00					4,00					0,00
8 3: 0,00					0,00					4,00
8 4: 4,00					4,00					0,00
8 5: 0,00					0,00					4,00
8 6: 0,00					4,00					0,00
8 7: 0,00					0,00					1,00
8 8: 16,00					16,00					6,00
8 9: 0,00					0,00					0,00
8 10: 4,00					4,00					4,00
8 11: 20,00					24,00					24,00
8 12: 0,00					0,00					2000,00
9 0: 0,00					0,00					0,00
9 1: 0,00					0,00					0,00
9 2: 0,00					0,00					0,00
9 3: 0,00					0,00					0,00
9 4: 0,00					0,00					0,00
9 5: 0,00					0,00					0,00
9 6: 0,00					0,00					0,00
9 7: 0,00					0,00					0,00
9 8: 0,00					0,00					0,00
9 9: 0,00					0,00					0,00
9 10: 0,00					0,00					0,00
9 11: 0,00					0,00					0,00
9 12: 0,00					0,00					0,00
