Distance: 					2587,11					1439443,46
0 0: 21,25					21,26					21,26
0 1: 1,88					1,12					1,12
0 2: 1,00					1,00					1,00
0 3: 4,00					1,00					1,00
0 4: 0,76					0,30					0,30
0 5: 0,00					0,00					0,00
0 6: 1,75					1,69					1,69
0 7: 2,62					4,05					4,05
0 8: 0,00					0,56					0,56
0 9: 0,00					2,50					2,50
1 0: 0,00					0,00					0,00
1 1: 0,00					0,00					0,00
1 2: 0,00					0,00					0,00
1 3: 0,00					0,00					0,00
1 4: 0,00					0,00					0,00
1 5: 0,00					0,00					0,00
1 6: 0,00					0,00					0,00
1 7: 0,00					0,00					0,00
1 8: 0,00					0,00					0,00
1 9: 0,00					0,00					0,00
2 0: 3,00					3,00					3,00
2 1: 3,00					3,00					3,00
2 2: 1,00					1,00					1,00
2 3: 1,00					1,00					1,00
2 4: 0,00					0,00					0,00
2 5: 0,00					0,00					0,00
2 6: 5,00					5,00					4,00
2 7: 7,00					7,00					8,00
2 8: 7,00					6,00					7,00
2 9: 10,00					12,00					12,00
2 10: 67,00					66,76					66,12
2 11: 6,29					6,06					5,41
2 12: 60,71					60,71					60,71
2 13: 60,00					59,76					59,12
3 0: 0,00					0,00					3,00
3 1: 3,00					3,00					3,00
3 2: 1,00					1,00					1,00
3 3: 1,00					1,00					1,00
3 4: 0,00					0,00					0,00
3 5: 0,00					0,00					0,00
3 6: 4,00					4,00					3,00
3 7: 8,00					8,00					6,00
3 8: 7,00					7,00					6,00
3 9: 12,00					12,00					8,00
3 10: 52,25					52,25					54,92
3 11: 5,25					5,25					6,92
3 12: 47,00					47,00					48,00
3 13: 45,25					45,25					47,92
4 0: 36,00					84,00					96,00
4 1: -24,00					-24,00					-24,00
4 2: 12,00					12,00					12,00
4 3: 3,00					2,25					3,00
4 4: 9,00					8,00					9,00
4 5: 0,00					0,00					0,00
4 6: 600,00					600,00					0,00
4 7: 3,75					2,25					5,25
4 8: 2,25					3,75					3,00
4 9: 0,00					7,50					15,00
4 10: 0,00					0,00					0,00
4 11: 2,25					1,50					0,00
4 12: 93,75					93,75					56,25
4 13: 37,50					45,00					52,50
4 14: 60,00					60,00					67,50
5 0: 8,00					8,00					4,00
5 1: -8,00					-8,00					4,00
5 2: 4,00					4,00					0,00
5 3: 2,67					2,67					1,33
5 4: 2,00					2,00					4,00
5 5: 4,00					4,00					0,00
5 6: 266,67					266,67					533,33
5 7: 2,67					2,67					0,00
5 8: 0,00					0,00					0,00
5 9: 0,00					0,00					0,00
5 10: 0,00					0,00					0,00
5 11: 0,00					0,00					1,33
5 12: 33,33					33,33					66,67
5 13: 0,00					0,00					13,33
5 14: 40,00					40,00					13,33
6 0: 16,53					18,41					16,38
6 1: 0,00					0,00					0,60
6 2: 6,03					6,03					5,43
6 3: 0,13					0,14					0,14
6 4: 0,52					0,53					0,55
6 5: 0,00					0,00					0,00
6 6: 6,94					5,39					4,66
6 7: 0,01					0,01					0,01
6 8: 0,29					0,30					0,29
6 9: 1,62					1,56					1,86
6 10: 0,44					0,94					0,93
6 11: 0,19					0,18					0,17
6 12: 4,70					5,17					4,71
6 13: 4,67					4,73					4,74
6 14: 2,38					2,39					2,40
7 0: 16,00					8,00					4,00
7 1: 8,00					8,00					8,00
7 2: 16,00					16,00					16,00
7 3: 4,00					0,00					8,00
7 4: 4,00					8,00					4,00
7 5: 12,00					16,00					16,00
7 6: 8,00					12,00					12,00
7 7: 0,94					0,71					0,71
7 8: 8,00					10,40					10,40
7 9: 0,00					0,00					0,00
7 10: 4,00					4,00					4,00
7 11: 18,59					18,12					17,88
7 12: 0,00					0,00					0,00
8 0: 0,00					0,00					0,00
8 1: 0,00					0,00					0,00
8 2: 4,00					4,00					0,00
8 3: 4,00					4,00					0,00
8 4: 4,00					4,00					0,00
8 5: 4,00					4,00					16,00
8 6: 0,00					0,00					0,00
8 7: 0,00					0,00					1,00
8 8: 16,00					16,00					6,00
8 9: 0,00					0,00					4,00
8 10: 4,00					4,00					0,00
8 11: 12,00					12,00					12,00
8 12: 0,00					0,00					1000,00
9 0: 0,00					0,00					0,00
9 1: 0,00					0,00					0,00
9 2: 0,00					0,00					0,00
9 3: 0,00					0,00					0,00
9 4: 0,00					0,00					0,00
9 5: 0,00					0,00					0,00
9 6: 0,00					0,00					0,00
9 7: 0,00					0,00					0,00
9 8: 0,00					0,00					0,00
9 9: 0,00					0,00					0,00
9 10: 0,00					0,00					0,00
9 11: 0,00					0,00					0,00
9 12: 0,00					0,00					0,00
