Distance: 					3724,52					4285070,81
0 0: 21,25					21,22					21,22
0 1: 1,88					1,35					1,35
0 2: 1,00					1,00					1,00
0 3: 4,00					1,00					1,00
0 4: 0,76					0,35					0,35
0 5: 0,00					0,00					0,00
0 6: 1,75					1,94					1,94
0 7: 2,62					5,49					5,49
0 8: 0,00					0,56					0,56
0 9: 0,00					4,00					4,00
1 0: 0,00					0,00					0,00
1 1: 0,00					0,00					0,00
1 2: 0,00					0,00					0,00
1 3: 0,00					0,00					0,00
1 4: 0,00					0,00					0,00
1 5: 0,00					0,00					0,00
1 6: 0,00					0,00					0,00
1 7: 0,00					0,00					0,00
1 8: 0,00					0,00					0,00
1 9: 0,00					0,00					0,00
2 0: 3,00					3,00					10,00
2 1: 3,00					3,00					-2,00
2 2: 1,00					1,00					0,67
2 3: 1,00					1,00					0,67
2 4: 0,00					0,00					2,00
2 5: 0,00					0,00					2,00
2 6: 5,00					4,00					3,00
2 7: 7,00					7,00					7,00
2 8: 7,00					6,00					6,00
2 9: 10,00					12,00					15,00
2 10: 67,00					66,65					66,47
2 11: 6,29					5,94					5,76
2 12: 60,71					60,71					60,71
2 13: 60,00					59,65					59,47
3 0: 0,00					2,00					3,00
3 1: 3,00					2,00					3,00
3 2: 1,00					1,00					1,00
3 3: 1,00					1,00					1,00
3 4: 0,00					0,00					0,00
3 5: 0,00					0,00					0,00
3 6: 4,00					4,00					3,00
3 7: 8,00					8,00					9,00
3 8: 7,00					7,00					8,00
3 9: 12,00					12,00					18,00
3 10: 52,25					54,00					53,17
3 11: 5,25					5,00					6,17
3 12: 47,00					49,00					47,00
3 13: 45,25					47,00					46,17
4 0: 36,00					84,00					84,00
4 1: -24,00					-12,00					0,00
4 2: 12,00					12,00					24,00
4 3: 3,00					2,25					3,00
4 4: 9,00					8,00					6,00
4 5: 0,00					0,00					0,00
4 6: 600,00					600,00					150,00
4 7: 3,75					2,25					0,75
4 8: 2,25					1,50					2,25
4 9: 0,00					22,50					22,50
4 10: 0,00					0,00					75,00
4 11: 2,25					1,50					3,00
4 12: 93,75					112,50					93,75
4 13: 37,50					45,00					37,50
4 14: 60,00					60,00					52,50
5 0: 8,00					8,00					20,00
5 1: -8,00					-8,00					-20,00
5 2: 4,00					4,00					0,00
5 3: 2,67					2,67					1,33
5 4: 2,00					2,00					4,00
5 5: 4,00					4,00					0,00
5 6: 266,67					266,67					0,00
5 7: 2,67					2,67					0,00
5 8: 0,00					0,00					1,33
5 9: 0,00					0,00					0,00
5 10: 0,00					0,00					0,00
5 11: 0,00					0,00					0,00
5 12: 33,33					33,33					66,67
5 13: 0,00					0,00					0,00
5 14: 40,00					40,00					40,00
6 0: 16,53					17,18					18,10
6 1: 0,00					0,00					0,00
6 2: 6,03					4,90					4,02
6 3: 0,13					0,13					0,13
6 4: 0,52					0,57					0,62
6 5: 0,00					0,00					0,00
6 6: 6,94					6,37					3,51
6 7: 0,01					0,01					0,00
6 8: 0,29					0,26					0,28
6 9: 1,62					1,63					1,85
6 10: 0,44					2,46					0,61
6 11: 0,19					0,17					0,16
6 12: 4,70					5,92					5,13
6 13: 4,67					4,75					4,73
6 14: 2,38					2,26					2,29
7 0: 16,00					4,00					4,00
7 1: 8,00					8,00					4,00
7 2: 16,00					16,00					16,00
7 3: 4,00					0,00					4,00
7 4: 4,00					8,00					0,00
7 5: 12,00					16,00					16,00
7 6: 8,00					16,00					24,00
7 7: 0,94					0,71					0,71
7 8: 8,00					10,40					10,40
7 9: 0,00					0,00					0,00
7 10: 4,00					4,00					0,00
7 11: 18,59					17,88					17,65
7 12: 0,00					0,00					0,00
8 0: 0,00					0,00					8,00
8 1: 0,00					0,00					0,00
8 2: 4,00					0,00					0,00
8 3: 4,00					4,00					4,00
8 4: 4,00					4,00					0,00
8 5: 4,00					4,00					4,00
8 6: 0,00					4,00					0,00
8 7: 0,00					0,00					0,00
8 8: 16,00					16,00					16,00
8 9: 0,00					0,00					0,00
8 10: 4,00					4,00					4,00
8 11: 12,00					12,00					13,00
8 12: 0,00					0,00					2000,00
9 0: 0,00					0,00					0,00
9 1: 0,00					0,00					0,00
9 2: 0,00					0,00					0,00
9 3: 0,00					0,00					0,00
9 4: 0,00					0,00					0,00
9 5: 0,00					0,00					0,00
9 6: 0,00					0,00					0,00
9 7: 0,00					0,00					0,00
9 8: 0,00					0,00					0,00
9 9: 0,00					0,00					0,00
9 10: 0,00					0,00					0,00
9 11: 0,00					0,00					0,00
9 12: 0,00					0,00					0,00
