Distance: 					9050,41					217416,02
0 0: 41,25					41,25					21,25
0 1: 1,18					1,88					1,88
0 2: 1,00					1,00					1,00
0 3: 1,00					4,00					4,00
0 4: 0,11					0,76					0,76
0 5: 0,00					0,00					0,00
0 6: 1,48					1,75					1,75
0 7: 1,02					2,62					2,62
0 8: 0,38					0,00					0,00
0 9: 2,00					0,00					0,00
1 0: 0,00					3,00					3,00
1 1: 0,00					3,00					3,00
1 2: 0,62					1,00					1,00
1 3: 1,00					1,00					1,00
1 4: 3,00					0,00					0,00
1 5: 0,00					0,00					0,00
1 6: 5,00					5,00					5,00
1 7: 7,00					7,00					7,00
1 8: 6,00					7,00					7,00
1 9: 12,00					10,00					10,00
1 10: 61,82					66,88					67,00
1 11: 3,45					6,18					6,29
1 12: 58,36					60,71					60,71
1 13: 61,82					59,88					60,00
2 0: 0,00					0,00					0,00
2 1: 0,00					3,00					3,00
2 2: 0,67					1,00					1,00
2 3: 1,00					1,00					1,00
2 4: 4,00					0,00					0,00
2 5: 0,00					0,00					0,00
2 6: 3,00					4,00					4,00
2 7: 8,00					8,00					8,00
2 8: 7,00					7,00					7,00
2 9: 14,00					12,00					12,00
2 10: 59,83					64,17					52,25
2 11: 4,83					5,17					5,25
2 12: 55,00					59,00					47,00
2 13: 59,83					57,17					45,25
3 0: 84,00					36,00					36,00
3 1: -24,00					-24,00					-24,00
3 2: 0,00					24,00					12,00
3 3: 2,86					3,75					3,00
3 4: 12,00					7,20					9,00
3 5: 0,00					0,00					0,00
3 6: 228,57					300,00					600,00
3 7: 5,14					5,25					3,75
3 8: 1,71					2,25					2,25
3 9: 5,71					0,00					0,00
3 10: 0,00					0,00					0,00
3 11: 2,86					2,25					2,25
3 12: 42,86					56,25					93,75
3 13: 40,00					37,50					37,50
3 14: 51,43					60,00					60,00
4 0: 16,00					16,00					8,00
4 1: -16,00					-16,00					-8,00
4 2: 0,00					0,00					4,00
4 3: 1,33					1,33					2,67
4 4: 4,00					4,00					2,00
4 5: 0,00					0,00					4,00
4 6: 0,00					0,00					266,67
4 7: 1,33					1,33					2,67
4 8: 2,67					2,67					0,00
4 9: 0,00					0,00					0,00
4 10: 0,00					0,00					0,00
4 11: 0,00					0,00					0,00
4 12: 0,00					0,00					33,33
4 13: 13,33					13,33					0,00
4 14: 26,67					26,67					40,00
5 0: 7,42					6,75					16,53
5 1: 0,00					-0,56					0,00
5 2: 14,15					8,31					6,03
5 3: 0,23					0,18					0,13
5 4: 0,53					0,52					0,52
5 5: 0,00					0,00					0,00
5 6: 4,28					10,69					6,94
5 7: 0,08					0,05					0,01
5 8: 0,37					0,30					0,29
5 9: 1,51					1,32					1,62
5 10: 0,00					2,76					0,44
5 11: 0,23					0,18					0,19
5 12: 2,08					4,36					4,70
5 13: 4,70					3,55					4,67
5 14: 2,18					3,04					2,38
6 0: 32,00					16,00					16,00
6 1: 20,00					8,00					8,00
6 2: 12,00					16,00					16,00
6 3: 0,00					4,00					4,00
6 4: 8,00					4,00					4,00
6 5: 8,00					12,00					12,00
6 6: 8,00					8,00					8,00
6 7: 0,73					0,94					0,94
6 8: 7,50					8,00					8,00
6 9: 0,00					0,00					0,00
6 10: 4,00					4,00					4,00
6 11: 19,45					18,59					18,59
6 12: 0,00					0,00					0,00
7 0: 4,00					0,00					0,00
7 1: 0,00					0,00					0,00
7 2: 0,00					4,00					4,00
7 3: 4,00					4,00					4,00
7 4: 4,00					4,00					4,00
7 5: 4,00					4,00					4,00
7 6: 0,00					0,00					0,00
7 7: 0,00					0,00					0,00
7 8: 16,00					16,00					16,00
7 9: 0,00					0,00					0,00
7 10: 4,00					4,00					4,00
7 11: 17,00					16,00					12,00
7 12: 0,00					0,00					0,00
