Distance: 					530,51					733,39
0 0: 20,62					10,62					6,20
0 1: 0,59					0,94					0,94
0 2: 0,50					0,50					0,50
0 3: 0,50					2,00					2,00
0 4: 0,05					0,38					0,38
0 5: 0,00					0,00					0,00
0 6: 0,74					0,88					0,88
0 7: 0,13					0,33					0,33
0 8: 0,19					0,00					0,00
0 9: 1,00					0,00					0,00
1 0: 0,00					3,00					3,00
1 1: 0,00					3,00					3,00
1 2: 0,62					1,00					1,00
1 3: 1,00					1,00					1,00
1 4: 3,00					0,00					0,00
1 5: 0,00					0,00					0,00
1 6: 5,00					5,00					5,00
1 7: 7,00					7,00					7,00
1 8: 6,00					7,00					7,00
1 9: 12,00					10,00					10,00
1 10: 61,82					66,88					67,00
1 11: 3,45					6,18					6,29
1 12: 58,36					60,71					60,71
1 13: 61,82					59,88					60,00
2 0: 7,00					3,00					3,00
2 1: -2,00					-2,00					-2,00
2 2: 0,00					2,00					1,00
2 3: 0,24					0,31					0,25
2 4: 1,00					0,60					0,75
2 5: 0,00					0,00					0,00
2 6: 0,10					0,12					0,25
2 7: 0,43					0,44					0,31
2 8: 0,14					0,19					0,19
2 9: 0,05					0,00					0,00
2 10: 0,00					0,00					0,00
2 11: 0,00					0,00					0,00
2 12: 0,38					0,38					0,50
2 13: 0,33					0,31					0,31
2 14: 0,43					0,50					0,50
3 0: 4,00					2,00					2,00
3 1: -4,00					-2,00					-2,00
3 2: 0,00					1,00					1,00
3 3: 0,33					0,67					0,67
3 4: 1,00					0,50					0,50
3 5: 0,00					1,00					1,00
3 6: 0,00					0,33					0,33
3 7: 0,33					0,67					0,67
3 8: 0,67					0,00					0,00
3 9: 0,00					0,00					0,00
3 10: 0,00					0,00					0,00
3 11: 0,00					0,00					0,00
3 12: 0,00					0,33					0,33
3 13: 0,33					0,00					0,00
3 14: 0,67					1,00					1,00
4 0: 8,00					19,75					19,75
4 1: 2,50					0,00					0,00
4 2: 1,50					13,50					17,00
4 3: 0,22					0,19					0,19
4 4: 0,90					0,62					0,53
4 5: 0,00					0,00					0,00
4 6: 0,01					0,02					0,02
4 7: 0,07					0,00					0,00
4 8: 0,38					0,39					0,39
4 9: 0,21					0,14					0,19
4 10: 0,00					0,04					0,01
4 11: 0,00					0,00					0,00
4 12: 0,34					0,47					0,42
4 13: 0,57					0,60					0,60
4 14: 0,21					0,21					0,21
5 0: 0,18					0,24					0,24
5 1: 1,88					2,00					2,00
5 2: 0,00					2,00					2,00
5 3: 0,00					0,00					0,00
5 4: 1,00					1,00					1,00
5 5: 4,86					4,65					4,65
5 6: 0,00					0,00					0,00
6 0: 0,00					0,00					0,00
6 1: 4,00					4,00					4,00
6 2: 5,00					5,00					5,00
6 3: 0,00					0,00					0,00
6 4: 1,00					1,00					1,00
6 5: 4,25					3,00					3,00
6 6: 0,00					0,00					0,00
7 0: 0,12					0,19					0,19
7 1: 2,00					1,83					1,83
7 2: 0,00					5,00					5,00
7 3: 0,00					0,00					0,00
7 4: 1,00					1,00					1,00
7 5: 5,00					3,62					3,62
7 6: 0,00					0,00					0,00
