Distance: 					9,25					686,11
0 0: 2,06					2,06					2,06
0 1: 0,59					0,57					0,56
0 2: 1,00					0,50					0,50
0 3: 1,00					0,50					0,50
0 4: 0,25					0,14					0,12
0 5: 0,00					0,05					0,05
0 6: 0,71					0,73					0,73
0 7: 0,23					0,18					0,18
0 8: 0,19					0,20					0,22
0 9: 0,50					0,50					0,50
1 0: 7,00					7,00					0,00
1 1: 7,00					7,00					0,00
1 2: 0,57					0,57					0,57
1 3: 0,57					0,57					1,00
1 4: 3,00					3,00					3,00
1 5: 3,00					3,00					0,00
1 6: 6,00					6,00					4,00
1 7: 7,00					8,00					10,00
1 8: 6,00					7,00					8,00
1 9: 12,00					12,00					14,00
1 10: 69,50					70,00					70,27
1 11: 5,14					5,09					4,27
1 12: 64,36					64,91					66,00
1 13: 69,50					70,00					70,27
2 0: 7,00					7,00					8,00
2 1: 7,00					7,00					8,00
2 2: 0,67					0,67					0,67
2 3: 0,67					0,67					0,67
2 4: 4,00					4,00					4,00
2 5: 4,00					4,00					4,00
2 6: 3,00					3,00					2,00
2 7: 8,00					8,00					9,00
2 8: 7,00					8,00					7,00
2 9: 14,00					13,00					15,00
2 10: 66,75					66,42					54,00
2 11: 5,75					5,42					4,00
2 12: 61,00					61,00					50,00
2 13: 66,75					66,42					54,00
3 0: 7,00					8,00					8,00
3 1: -2,00					-3,00					-5,00
3 2: 2,00					1,00					0,00
3 3: 0,24					0,14					0,14
3 4: 0,60					0,67					1,00
3 5: 0,00					0,00					0,00
3 6: 0,00					0,14					0,14
3 7: 0,38					0,19					0,05
3 8: 0,24					0,24					0,29
3 9: 0,05					0,00					0,05
3 10: 0,00					0,10					0,00
3 11: 0,14					0,10					0,05
3 12: 0,19					0,48					0,57
3 13: 0,43					0,43					0,48
3 14: 0,43					0,48					0,48
4 0: 5,00					5,00					7,00
4 1: 5,00					5,00					7,00
4 2: 0,00					0,00					0,00
4 3: 0,33					0,33					0,33
4 4: 1,00					1,00					1,00
4 5: 0,00					0,00					0,00
4 6: 0,00					0,33					0,33
4 7: 0,33					0,00					0,00
4 8: 0,33					0,33					0,00
4 9: 0,00					0,00					0,33
4 10: 0,00					0,00					0,00
4 11: 0,00					0,00					0,33
4 12: 0,33					0,67					0,33
4 13: 0,67					0,67					0,67
4 14: 0,33					0,33					0,00
5 0: 1,88					1,76					3,61
5 1: 0,00					0,13					0,00
5 2: 1,42					1,38					1,17
5 3: 0,03					0,03					0,02
5 4: 0,11					0,11					0,10
5 5: 0,00					0,00					0,00
5 6: 0,00					0,01					0,00
5 7: 0,01					0,00					0,00
5 8: 0,06					0,06					0,05
5 9: 0,03					0,02					0,02
5 10: 0,00					0,01					0,00
5 11: 0,04					0,04					0,03
5 12: 0,02					0,04					0,04
5 13: 0,07					0,07					0,10
5 14: 0,06					0,05					0,04
6 0: 3,00					3,00					8,00
6 1: 4,00					4,00					1,00
6 2: 4,00					4,00					3,00
6 3: 0,00					0,00					2,00
6 4: 7,00					7,00					3,00
6 5: 2,00					2,00					4,00
6 6: 2,00					2,00					1,00
6 7: 0,18					0,14					0,14
6 8: 2,83					2,83					2,83
6 9: 0,00					0,00					0,00
6 10: 0,00					0,00					1,00
6 11: 5,36					5,41					5,50
6 12: 0,00					0,05					0,05
7 0: 1,00					1,00					2,00
7 1: 1,00					1,00					1,00
7 2: 1,00					1,00					0,00
7 3: 0,00					0,00					0,00
7 4: 1,00					1,00					0,00
7 5: 0,00					0,00					1,00
7 6: 0,00					0,00					0,00
7 7: 0,00					0,00					0,25
7 8: 4,00					4,00					1,50
7 9: 0,00					0,00					0,00
7 10: 1,00					1,00					1,00
7 11: 5,00					5,00					4,00
7 12: 0,00					0,25					0,25
