Distance: 					4,00					612,18
0 0: 2,06					2,06					1,83
0 1: 0,59					0,59					0,58
0 2: 1,00					0,75					0,50
0 3: 1,00					1,00					1,00
0 4: 0,25					0,22					0,22
0 5: 0,00					0,00					0,00
0 6: 0,71					0,71					0,71
0 7: 0,23					0,23					0,23
0 8: 0,19					0,19					0,20
0 9: 0,50					0,50					0,50
1 0: 7,00					7,00					7,00
1 1: 7,00					7,00					7,00
1 2: 0,57					0,57					0,50
1 3: 0,57					0,57					0,50
1 4: 3,00					3,00					3,00
1 5: 3,00					3,00					3,00
1 6: 6,00					6,00					7,00
1 7: 7,00					7,00					10,00
1 8: 6,00					6,00					8,00
1 9: 12,00					12,00					16,00
1 10: 69,50					68,68					56,23
1 11: 5,14					4,86					4,95
1 12: 64,36					63,82					51,27
1 13: 69,50					68,68					56,23
2 0: 7,00					7,00					7,00
2 1: 7,00					7,00					7,00
2 2: 0,67					0,67					0,67
2 3: 0,67					0,67					0,67
2 4: 4,00					4,00					4,00
2 5: 4,00					4,00					4,00
2 6: 3,00					3,00					3,00
2 7: 8,00					8,00					8,00
2 8: 7,00					7,00					7,00
2 9: 14,00					14,00					14,00
2 10: 66,75					66,58					66,42
2 11: 5,75					5,58					5,42
2 12: 61,00					61,00					61,00
2 13: 66,75					66,58					66,42
3 0: 7,00					7,00					12,00
3 1: -2,00					-2,00					2,00
3 2: 2,00					2,00					1,00
3 3: 0,24					0,24					0,19
3 4: 0,60					0,60					0,75
3 5: 0,00					0,00					0,00
3 6: 0,00					0,00					0,10
3 7: 0,38					0,29					0,24
3 8: 0,24					0,14					0,14
3 9: 0,05					0,14					0,10
3 10: 0,00					0,05					0,10
3 11: 0,14					0,10					0,10
3 12: 0,19					0,33					0,43
3 13: 0,43					0,43					0,48
3 14: 0,43					0,48					0,48
4 0: 5,00					5,00					5,00
4 1: 5,00					5,00					5,00
4 2: 0,00					0,00					0,00
4 3: 0,33					0,33					0,33
4 4: 1,00					1,00					1,00
4 5: 0,00					0,00					0,00
4 6: 0,00					0,00					0,33
4 7: 0,33					0,33					0,00
4 8: 0,33					0,33					0,33
4 9: 0,00					0,00					0,00
4 10: 0,00					0,00					0,00
4 11: 0,00					0,00					0,00
4 12: 0,33					0,33					0,67
4 13: 0,67					0,67					0,67
4 14: 0,33					0,33					0,33
5 0: 1,88					1,60					2,97
5 1: 0,00					0,00					-0,20
5 2: 1,42					1,36					0,87
5 3: 0,03					0,03					0,02
5 4: 0,11					0,11					0,11
5 5: 0,00					0,00					0,00
5 6: 0,00					0,00					0,00
5 7: 0,01					0,01					0,00
5 8: 0,06					0,06					0,05
5 9: 0,03					0,02					0,02
5 10: 0,00					0,01					0,01
5 11: 0,04					0,03					0,03
5 12: 0,02					0,03					0,05
5 13: 0,07					0,07					0,03
5 14: 0,06					0,05					0,10
6 0: 3,00					4,00					5,00
6 1: 4,00					4,00					3,00
6 2: 4,00					3,00					2,00
6 3: 0,00					0,00					1,00
6 4: 7,00					7,00					6,00
6 5: 2,00					2,00					2,00
6 6: 2,00					2,00					3,00
6 7: 0,18					0,14					0,14
6 8: 2,83					2,83					3,60
6 9: 0,00					0,00					0,00
6 10: 0,00					0,00					0,00
6 11: 5,36					5,32					4,27
6 12: 0,00					0,00					0,09
7 0: 1,00					1,00					1,00
7 1: 1,00					1,00					1,00
7 2: 1,00					1,00					1,00
7 3: 0,00					0,00					0,00
7 4: 1,00					1,00					1,00
7 5: 0,00					0,00					0,00
7 6: 0,00					0,00					0,00
7 7: 0,00					0,00					0,00
7 8: 4,00					4,00					4,00
7 9: 0,00					0,00					0,00
7 10: 1,00					1,00					1,00
7 11: 5,00					5,00					5,00
7 12: 0,00					0,00					0,00
