Distance: 					13,90					9148501,64
0 0: 18,75					18,75					18,75
0 1: 1,61					1,23					1,13
0 2: 1,00					1,00					1,00
0 3: 3,12					2,50					2,50
0 4: 0,45					0,26					0,26
0 5: 0,00					0,00					0,00
0 6: 1,50					1,46					1,46
0 7: 1,57					1,25					1,25
0 8: 0,00					0,42					0,54
0 9: 0,00					0,50					2,00
1 0: 0,00					0,00					0,00
1 1: 0,00					0,00					0,00
1 2: 0,80					0,80					0,50
1 3: 0,80					0,80					0,50
1 4: 1,00					1,00					3,00
1 5: 1,00					1,00					3,00
1 6: 3,00					3,00					3,00
1 7: 5,00					6,00					7,00
1 8: 5,00					6,00					7,00
1 9: 6,00					7,00					7,00
1 10: 62,80					62,80					63,00
1 11: 2,80					3,60					3,80
1 12: 60,00					59,20					59,20
1 13: 58,80					58,80					59,00
2 0: 4,00					4,00					0,00
2 1: 4,00					4,00					0,00
2 2: 0,50					0,50					0,80
2 3: 0,60					0,60					0,86
2 4: 4,00					4,00					2,00
2 5: 4,00					4,00					2,00
2 6: 7,00					7,00					6,00
2 7: 11,00					11,00					7,00
2 8: 7,00					7,00					4,00
2 9: 17,00					17,00					19,00
2 10: 53,85					53,85					66,50
2 11: 6,45					6,45					7,10
2 12: 47,40					47,40					59,40
2 13: 49,85					49,85					62,50
3 0: 36,00					36,00					60,00
3 1: 24,00					24,00					-12,00
3 2: 0,00					0,00					0,00
3 3: 2,57					2,57					2,57
3 4: 12,00					12,00					12,00
3 5: 0,00					0,00					0,00
3 6: 857,14					857,14					857,14
3 7: 5,14					4,29					1,71
3 8: 1,71					2,57					2,57
3 9: 0,00					0,00					0,00
3 10: 0,00					0,00					0,00
3 11: 0,86					0,86					2,57
3 12: 107,14					107,14					128,57
3 13: 51,43					51,43					42,86
3 14: 60,00					60,00					51,43
4 0: 8,00					8,00					28,00
4 1: -8,00					-8,00					-28,00
4 2: 4,00					4,00					0,00
4 3: 2,67					2,67					1,33
4 4: 2,00					2,00					4,00
4 5: 4,00					4,00					0,00
4 6: 266,67					266,67					533,33
4 7: 2,67					2,67					0,00
4 8: 0,00					0,00					0,00
4 9: 0,00					0,00					13,33
4 10: 0,00					0,00					0,00
4 11: 0,00					0,00					0,00
4 12: 33,33					33,33					66,67
4 13: 0,00					0,00					13,33
4 14: 40,00					40,00					26,67
5 0: 18,59					18,59					12,36
5 1: 2,97					2,97					-2,93
5 2: 2,84					2,60					2,76
5 3: 0,17					0,17					0,21
5 4: 0,84					0,85					0,88
5 5: 0,00					0,00					0,00
5 6: 2,91					4,20					11,85
5 7: 0,03					0,04					0,03
5 8: 0,12					0,08					0,08
5 9: 1,60					1,71					0,99
5 10: 1,63					3,85					16,89
5 11: 0,31					0,31					0,33
5 12: 10,27					10,85					12,28
5 13: 6,56					6,63					3,08
5 14: 2,01					1,97					5,16
6 0: 20,00					20,00					28,00
6 1: 4,00					4,00					4,00
6 2: 0,00					0,00					0,00
6 3: 0,00					0,00					0,00
6 4: 4,00					4,00					4,00
6 5: 16,00					16,00					16,00
6 6: 16,00					16,00					8,00
6 7: 0,53					0,80					0,53
6 8: 8,80					8,80					8,80
6 9: 0,00					0,00					0,00
6 10: 4,00					4,00					4,00
6 11: 17,60					17,60					18,13
6 12: 266,67					266,67					533,33
7 0: 0,00					0,00					0,00
7 1: 0,00					0,00					0,00
7 2: 4,00					4,00					4,00
7 3: 4,00					4,00					8,00
7 4: 4,00					4,00					0,00
7 5: 4,00					4,00					0,00
7 6: 0,00					0,00					4,00
7 7: 0,00					0,00					1,00
7 8: 16,00					16,00					6,00
7 9: 0,00					0,00					0,00
7 10: 4,00					4,00					0,00
7 11: 16,00					16,00					20,00
7 12: 0,00					0,00					3000,00
