Distance: 					257,90					1344550,39
0 0: 18,75					18,75					18,75
0 1: 1,61					1,13					1,13
0 2: 1,00					1,00					1,00
0 3: 3,12					2,50					2,50
0 4: 0,45					0,22					0,22
0 5: 0,00					0,00					0,00
0 6: 1,50					1,50					1,50
0 7: 1,57					1,07					1,07
0 8: 0,00					0,54					0,54
0 9: 0,00					1,00					1,00
1 0: 0,00					0,00					11,00
1 1: 0,00					0,00					-1,00
1 2: 0,80					1,00					0,75
1 3: 0,80					1,00					0,75
1 4: 1,00					0,00					1,00
1 5: 1,00					0,00					1,00
1 6: 3,00					4,00					5,00
1 7: 5,00					5,00					7,00
1 8: 5,00					5,00					7,00
1 9: 6,00					5,00					10,00
1 10: 62,80					63,27					62,27
1 11: 2,80					3,27					4,67
1 12: 60,00					60,00					57,60
1 13: 58,80					59,27					58,27
2 0: 4,00					7,00					1,00
2 1: 4,00					7,00					7,00
2 2: 0,50					0,50					1,00
2 3: 0,60					0,60					1,00
2 4: 4,00					4,00					0,00
2 5: 4,00					4,00					0,00
2 6: 7,00					7,00					8,00
2 7: 11,00					11,00					12,00
2 8: 7,00					7,00					8,00
2 9: 17,00					17,00					18,00
2 10: 53,85					57,35					57,60
2 11: 6,45					6,35					5,40
2 12: 47,40					51,00					52,20
2 13: 49,85					53,35					53,60
3 0: 36,00					36,00					84,00
3 1: 24,00					24,00					0,00
3 2: 0,00					0,00					24,00
3 3: 2,57					2,57					3,43
3 4: 12,00					12,00					6,00
3 5: 0,00					0,00					0,00
3 6: 857,14					857,14					342,86
3 7: 5,14					4,29					3,43
3 8: 1,71					1,71					1,71
3 9: 0,00					0,00					17,14
3 10: 0,00					0,00					0,00
3 11: 0,86					1,71					3,43
3 12: 107,14					107,14					42,86
3 13: 51,43					51,43					42,86
3 14: 60,00					51,43					42,86
4 0: 8,00					8,00					8,00
4 1: -8,00					-8,00					-8,00
4 2: 4,00					4,00					12,00
4 3: 2,67					2,67					4,00
4 4: 2,00					2,00					0,00
4 5: 4,00					4,00					4,00
4 6: 266,67					266,67					0,00
4 7: 2,67					2,67					2,67
4 8: 0,00					0,00					0,00
4 9: 0,00					0,00					0,00
4 10: 0,00					0,00					0,00
4 11: 0,00					0,00					0,00
4 12: 33,33					33,33					33,33
4 13: 0,00					0,00					0,00
4 14: 40,00					40,00					40,00
5 0: 18,59					15,12					15,12
5 1: 2,97					3,46					4,96
5 2: 2,84					5,60					3,02
5 3: 0,17					0,23					0,20
5 4: 0,84					0,78					0,86
5 5: 0,00					0,00					0,00
5 6: 2,91					3,11					11,40
5 7: 0,03					0,06					0,07
5 8: 0,12					0,08					0,07
5 9: 1,60					1,58					1,76
5 10: 1,63					2,22					5,48
5 11: 0,31					0,39					0,33
5 12: 10,27					8,73					9,94
5 13: 6,56					5,73					5,36
5 14: 2,01					2,31					3,06
6 0: 20,00					20,00					12,00
6 1: 4,00					8,00					8,00
6 2: 0,00					0,00					4,00
6 3: 0,00					0,00					0,00
6 4: 4,00					0,00					8,00
6 5: 16,00					16,00					12,00
6 6: 16,00					16,00					16,00
6 7: 0,53					0,80					1,07
6 8: 8,80					8,80					8,80
6 9: 0,00					0,00					0,00
6 10: 4,00					4,00					0,00
6 11: 17,60					17,87					17,33
6 12: 266,67					266,67					266,67
7 0: 0,00					4,00					4,00
7 1: 0,00					0,00					0,00
7 2: 4,00					0,00					0,00
7 3: 4,00					0,00					0,00
7 4: 4,00					4,00					4,00
7 5: 4,00					4,00					4,00
7 6: 0,00					4,00					4,00
7 7: 0,00					0,00					0,00
7 8: 16,00					16,00					16,00
7 9: 0,00					0,00					0,00
7 10: 4,00					4,00					4,00
7 11: 16,00					17,00					17,00
7 12: 0,00					0,00					1000,00
