Distance: 					194,28					1561595,98
0 0: 18,75					18,75					21,11
0 1: 1,61					1,27					1,27
0 2: 1,00					0,50					0,50
0 3: 3,12					2,50					2,50
0 4: 0,45					0,28					0,28
0 5: 0,00					0,00					0,00
0 6: 1,50					1,50					1,50
0 7: 1,57					1,43					1,43
0 8: 0,00					0,38					0,38
0 9: 0,00					1,00					1,00
1 0: 0,00					0,00					0,00
1 1: 0,00					0,00					0,00
1 2: 0,80					0,80					0,80
1 3: 0,80					0,80					0,80
1 4: 1,00					1,00					1,00
1 5: 1,00					1,00					1,00
1 6: 3,00					3,00					4,00
1 7: 5,00					5,00					4,00
1 8: 5,00					5,00					4,00
1 9: 6,00					5,00					5,00
1 10: 62,80					63,13					62,53
1 11: 2,80					3,13					2,53
1 12: 60,00					60,00					60,00
1 13: 58,80					59,13					58,53
2 0: 4,00					4,00					10,00
2 1: 4,00					4,00					-2,00
2 2: 0,50					0,50					0,50
2 3: 0,60					0,60					0,60
2 4: 4,00					4,00					4,00
2 5: 4,00					4,00					4,00
2 6: 7,00					7,00					7,00
2 7: 11,00					11,00					11,00
2 8: 7,00					7,00					7,00
2 9: 17,00					17,00					27,00
2 10: 53,85					53,85					52,85
2 11: 6,45					6,45					5,45
2 12: 47,40					47,40					47,40
2 13: 49,85					49,85					48,85
3 0: 36,00					36,00					48,00
3 1: 24,00					24,00					24,00
3 2: 0,00					0,00					0,00
3 3: 2,57					2,57					3,43
3 4: 12,00					12,00					12,00
3 5: 0,00					0,00					0,00
3 6: 857,14					857,14					171,43
3 7: 5,14					4,29					3,43
3 8: 1,71					2,57					2,57
3 9: 0,00					0,00					0,00
3 10: 0,00					0,00					0,00
3 11: 0,86					0,86					1,71
3 12: 107,14					107,14					107,14
3 13: 51,43					60,00					60,00
3 14: 60,00					51,43					42,86
4 0: 8,00					8,00					24,00
4 1: -8,00					-8,00					-24,00
4 2: 4,00					4,00					0,00
4 3: 2,67					2,67					1,33
4 4: 2,00					2,00					4,00
4 5: 4,00					4,00					0,00
4 6: 266,67					266,67					0,00
4 7: 2,67					2,67					0,00
4 8: 0,00					0,00					1,33
4 9: 0,00					0,00					0,00
4 10: 0,00					0,00					133,33
4 11: 0,00					0,00					0,00
4 12: 33,33					33,33					66,67
4 13: 0,00					0,00					0,00
4 14: 40,00					40,00					40,00
5 0: 18,59					18,83					19,90
5 1: 2,97					3,46					0,00
5 2: 2,84					3,71					4,12
5 3: 0,17					0,18					0,19
5 4: 0,84					0,81					0,76
5 5: 0,00					0,00					0,00
5 6: 2,91					5,43					6,52
5 7: 0,03					0,04					0,02
5 8: 0,12					0,10					0,11
5 9: 1,60					1,77					1,17
5 10: 1,63					0,00					1,09
5 11: 0,31					0,33					0,30
5 12: 10,27					9,66					12,13
5 13: 6,56					6,66					6,22
5 14: 2,01					1,79					2,20
6 0: 20,00					24,00					24,00
6 1: 4,00					4,00					4,00
6 2: 0,00					0,00					0,00
6 3: 0,00					0,00					0,00
6 4: 4,00					0,00					0,00
6 5: 16,00					16,00					16,00
6 6: 16,00					16,00					16,00
6 7: 0,53					0,53					0,80
6 8: 8,80					8,80					6,67
6 9: 0,00					0,00					0,00
6 10: 4,00					4,00					4,00
6 11: 17,60					17,87					17,87
6 12: 266,67					266,67					266,67
7 0: 0,00					0,00					0,00
7 1: 0,00					0,00					4,00
7 2: 4,00					4,00					4,00
7 3: 4,00					4,00					0,00
7 4: 4,00					4,00					4,00
7 5: 4,00					4,00					0,00
7 6: 0,00					0,00					4,00
7 7: 0,00					0,00					0,00
7 8: 16,00					16,00					16,00
7 9: 0,00					0,00					0,00
7 10: 4,00					4,00					4,00
7 11: 16,00					16,00					16,00
7 12: 0,00					0,00					1000,00
