Distance: 					350,40					1420291,62
0 0: 18,75					18,75					18,75
0 1: 1,61					0,97					0,97
0 2: 1,00					1,50					1,50
0 3: 3,12					1,50					1,50
0 4: 0,45					0,21					0,21
0 5: 0,00					0,27					0,27
0 6: 1,50					1,88					1,88
0 7: 1,57					2,18					2,43
0 8: 0,00					0,79					0,79
0 9: 0,00					2,50					2,50
1 0: 0,00					0,00					10,00
1 1: 0,00					0,00					-2,00
1 2: 0,80					1,00					0,60
1 3: 0,80					1,00					0,60
1 4: 1,00					0,00					2,00
1 5: 1,00					0,00					2,00
1 6: 3,00					4,00					3,00
1 7: 5,00					6,00					8,00
1 8: 5,00					6,00					8,00
1 9: 6,00					8,00					11,00
1 10: 62,80					62,20					62,87
1 11: 2,80					4,60					4,47
1 12: 60,00					57,60					58,40
1 13: 58,80					58,20					58,87
2 0: 4,00					4,00					4,00
2 1: 4,00					4,00					4,00
2 2: 0,50					0,50					0,67
2 3: 0,60					0,60					0,50
2 4: 4,00					4,00					4,00
2 5: 4,00					4,00					8,00
2 6: 7,00					7,00					6,00
2 7: 11,00					11,00					8,00
2 8: 7,00					7,00					5,00
2 9: 17,00					17,00					17,00
2 10: 53,85					53,85					53,65
2 11: 6,45					6,45					4,45
2 12: 47,40					47,40					49,20
2 13: 49,85					49,85					49,65
3 0: 36,00					48,00					96,00
3 1: 24,00					24,00					-12,00
3 2: 0,00					0,00					12,00
3 3: 2,57					2,57					2,57
3 4: 12,00					12,00					8,00
3 5: 0,00					0,00					0,00
3 6: 857,14					857,14					514,29
3 7: 5,14					4,29					0,00
3 8: 1,71					1,71					4,29
3 9: 0,00					0,00					0,00
3 10: 0,00					0,00					85,71
3 11: 0,86					1,71					1,71
3 12: 107,14					107,14					150,00
3 13: 51,43					51,43					34,29
3 14: 60,00					51,43					68,57
4 0: 8,00					8,00					20,00
4 1: -8,00					-8,00					-20,00
4 2: 4,00					4,00					0,00
4 3: 2,67					2,67					1,33
4 4: 2,00					2,00					4,00
4 5: 4,00					4,00					0,00
4 6: 266,67					266,67					266,67
4 7: 2,67					2,67					0,00
4 8: 0,00					0,00					0,00
4 9: 0,00					0,00					0,00
4 10: 0,00					0,00					0,00
4 11: 0,00					0,00					1,33
4 12: 33,33					33,33					66,67
4 13: 0,00					0,00					13,33
4 14: 40,00					40,00					13,33
5 0: 18,59					19,29					21,33
5 1: 2,97					1,50					3,33
5 2: 2,84					3,68					3,39
5 3: 0,17					0,19					0,20
5 4: 0,84					0,82					0,85
5 5: 0,00					0,00					0,00
5 6: 2,91					8,76					11,30
5 7: 0,03					0,04					0,01
5 8: 0,12					0,08					0,09
5 9: 1,60					1,84					0,73
5 10: 1,63					1,43					26,57
5 11: 0,31					0,35					0,31
5 12: 10,27					10,27					14,44
5 13: 6,56					6,46					6,53
5 14: 2,01					2,19					2,35
6 0: 20,00					16,00					12,00
6 1: 4,00					4,00					12,00
6 2: 0,00					0,00					0,00
6 3: 0,00					4,00					4,00
6 4: 4,00					8,00					4,00
6 5: 16,00					12,00					8,00
6 6: 16,00					16,00					20,00
6 7: 0,53					0,80					0,53
6 8: 8,80					8,80					12,00
6 9: 0,00					0,00					0,00
6 10: 4,00					4,00					0,00
6 11: 17,60					17,33					17,33
6 12: 266,67					266,67					800,00
7 0: 0,00					0,00					0,00
7 1: 0,00					0,00					0,00
7 2: 4,00					4,00					8,00
7 3: 4,00					4,00					0,00
7 4: 4,00					4,00					4,00
7 5: 4,00					4,00					4,00
7 6: 0,00					0,00					0,00
7 7: 0,00					0,00					1,00
7 8: 16,00					16,00					6,00
7 9: 0,00					0,00					0,00
7 10: 4,00					4,00					0,00
7 11: 16,00					16,00					16,00
7 12: 0,00					0,00					1000,00
