Distance: 					4659,36					6106150,63
0 0: 18,75					18,75					23,20
0 1: 1,61					1,17					1,13
0 2: 1,00					0,50					0,50
0 3: 3,12					0,50					0,50
0 4: 0,45					0,28					0,29
0 5: 0,00					0,13					0,13
0 6: 1,50					1,64					1,64
0 7: 1,57					1,17					1,17
0 8: 0,00					0,50					0,54
0 9: 0,00					2,00					2,00
1 0: 0,00					2,00					1,00
1 1: 0,00					2,00					1,00
1 2: 0,80					1,00					1,00
1 3: 0,80					1,00					1,00
1 4: 1,00					0,00					0,00
1 5: 1,00					0,00					0,00
1 6: 3,00					3,00					3,00
1 7: 5,00					7,00					8,00
1 8: 5,00					7,00					7,00
1 9: 6,00					9,00					13,00
1 10: 62,80					76,27					76,40
1 11: 2,80					5,07					5,20
1 12: 60,00					71,20					71,20
1 13: 58,80					72,27					72,40
2 0: 4,00					4,00					5,00
2 1: 4,00					4,00					5,00
2 2: 0,50					0,50					1,00
2 3: 0,60					0,60					0,67
2 4: 4,00					4,00					0,00
2 5: 4,00					4,00					4,00
2 6: 7,00					7,00					7,00
2 7: 11,00					11,00					9,00
2 8: 7,00					7,00					6,00
2 9: 17,00					17,00					15,00
2 10: 53,85					53,85					52,85
2 11: 6,45					6,45					7,25
2 12: 47,40					47,40					45,60
2 13: 49,85					49,85					48,85
3 0: 36,00					84,00					96,00
3 1: 24,00					12,00					0,00
3 2: 0,00					12,00					12,00
3 3: 2,57					2,57					2,57
3 4: 12,00					8,00					8,00
3 5: 0,00					0,00					0,00
3 6: 857,14					857,14					342,86
3 7: 5,14					2,57					0,00
3 8: 1,71					1,71					3,43
3 9: 0,00					17,14					0,00
3 10: 0,00					0,00					0,00
3 11: 0,86					0,86					2,57
3 12: 107,14					128,57					150,00
3 13: 51,43					51,43					51,43
3 14: 60,00					60,00					42,86
4 0: 8,00					8,00					12,00
4 1: -8,00					-8,00					12,00
4 2: 4,00					4,00					0,00
4 3: 2,67					2,67					1,33
4 4: 2,00					2,00					4,00
4 5: 4,00					4,00					0,00
4 6: 266,67					266,67					0,00
4 7: 2,67					2,67					1,33
4 8: 0,00					0,00					1,33
4 9: 0,00					0,00					0,00
4 10: 0,00					0,00					0,00
4 11: 0,00					0,00					1,33
4 12: 33,33					33,33					0,00
4 13: 0,00					0,00					13,33
4 14: 40,00					40,00					13,33
5 0: 18,59					32,97					34,45
5 1: 2,97					0,00					0,00
5 2: 2,84					3,63					3,34
5 3: 0,17					0,16					0,16
5 4: 0,84					0,76					0,78
5 5: 0,00					0,00					0,00
5 6: 2,91					9,03					16,74
5 7: 0,03					0,01					0,00
5 8: 0,12					0,06					0,04
5 9: 1,60					1,71					0,95
5 10: 1,63					1,63					4,94
5 11: 0,31					0,28					0,29
5 12: 10,27					12,68					15,10
5 13: 6,56					6,78					6,81
5 14: 2,01					1,91					1,90
6 0: 20,00					16,00					28,00
6 1: 4,00					20,00					4,00
6 2: 0,00					4,00					4,00
6 3: 0,00					0,00					8,00
6 4: 4,00					4,00					0,00
6 5: 16,00					4,00					8,00
6 6: 16,00					12,00					8,00
6 7: 0,53					0,80					0,53
6 8: 8,80					12,00					12,00
6 9: 0,00					0,00					0,00
6 10: 4,00					0,00					4,00
6 11: 17,60					22,67					22,67
6 12: 266,67					266,67					2666,67
7 0: 0,00					0,00					0,00
7 1: 0,00					0,00					0,00
7 2: 4,00					4,00					4,00
7 3: 4,00					4,00					8,00
7 4: 4,00					4,00					4,00
7 5: 4,00					4,00					0,00
7 6: 0,00					0,00					0,00
7 7: 0,00					0,00					1,00
7 8: 16,00					16,00					6,00
7 9: 0,00					0,00					0,00
7 10: 4,00					4,00					0,00
7 11: 16,00					16,00					16,00
7 12: 0,00					0,00					0,00
