Distance: 					609,85					611,19
0 0: 21,56					21,58					20,40
0 1: 0,54					1,00					1,00
0 2: 0,50					1,00					1,00
0 3: 1,50					1,00					1,00
0 4: 0,04					0,00					0,00
0 5: 0,00					0,00					0,00
0 6: 1,23					1,87					1,87
0 7: 0,91					1,72					1,72
0 8: 0,53					0,41					0,41
0 9: 3,50					4,00					4,00
1 0: 4,00					2,00					2,00
1 1: -8,00					2,00					2,00
1 2: 0,71					1,00					1,00
1 3: 0,71					1,00					1,00
1 4: 2,00					0,00					0,00
1 5: 2,00					0,00					0,00
1 6: 3,00					5,00					5,00
1 7: 8,00					6,00					6,00
1 8: 6,00					6,00					6,00
1 9: 15,00					9,00					9,00
1 10: 73,57					61,75					61,75
1 11: 4,17					4,75					4,75
1 12: 69,39					57,00					57,00
1 13: 64,57					59,75					59,75
2 0: 7,00					4,00					4,00
2 1: -2,00					0,00					0,00
2 2: 2,00					3,00					3,00
2 3: 0,23					0,40					0,40
2 4: 0,60					0,50					0,50
2 5: 0,00					1,00					1,00
2 6: 0,14					0,07					0,07
2 7: 0,32					0,27					0,27
2 8: 0,32					0,27					0,27
2 9: 0,05					0,00					0,00
2 10: 0,00					0,00					0,00
2 11: 0,00					0,00					0,00
2 12: 0,32					0,47					0,47
2 13: 0,41					0,20					0,20
2 14: 0,55					0,40					0,40
3 0: 7,00					14,00					14,00
3 1: -5,00					-4,00					-4,00
3 2: 0,00					1,00					1,00
3 3: 0,29					0,29					0,29
3 4: 1,00					0,50					0,50
3 5: 0,00					0,00					0,00
3 6: 0,14					0,00					0,00
3 7: 0,29					0,14					0,14
3 8: 0,00					0,43					0,43
3 9: 0,14					0,00					0,00
3 10: 0,00					0,00					0,00
3 11: 0,00					0,00					0,00
3 12: 0,57					0,43					0,43
3 13: 0,71					0,29					0,29
3 14: 0,29					0,57					0,57
4 0: 14,88					12,88					12,88
4 1: 9,88					4,38					4,38
4 2: 0,50					2,62					2,62
4 3: 0,18					0,34					0,34
4 4: 0,86					0,67					0,67
4 5: 0,00					0,38					0,38
4 6: 0,02					0,00					0,00
4 7: 0,05					0,01					0,01
4 8: 0,24					0,10					0,10
4 9: 0,14					0,14					0,14
4 10: 0,00					0,12					0,12
4 11: 0,00					0,00					0,00
4 12: 0,57					0,75					0,75
4 13: 0,87					0,55					0,55
4 14: 0,07					0,21					0,21
5 0: 0,13					0,25					0,25
5 1: 3,00					1,43					1,43
5 2: 2,00					1,00					1,00
5 3: 0,00					0,00					0,00
5 4: 0,00					1,00					1,00
5 5: 5,00					4,62					4,62
5 6: 0,00					0,00					0,00
6 0: 0,12					0,12					0,12
6 1: 3,50					3,50					3,50
6 2: 4,00					4,00					4,00
6 3: 0,00					0,00					0,00
6 4: 1,00					0,00					0,00
6 5: 5,00					3,50					3,50
6 6: 0,00					0,00					0,00
7 0: 0,00					0,20					0,20
7 1: 4,00					2,00					2,00
7 2: 0,00					4,00					4,00
7 3: 0,00					0,00					0,00
7 4: 1,00					0,00					0,00
7 5: 4,25					4,20					4,20
7 6: 0,00					0,00					0,00
