Distance: 					16528,97					4101119,91
0 0: 41,25					39,42					22,66
0 1: 1,18					0,93					0,95
0 2: 1,00					0,00					1,00
0 3: 1,00					2,00					1,50
0 4: 0,11					0,25					0,15
0 5: 0,00					0,45					0,18
0 6: 1,48					1,72					1,34
0 7: 1,02					2,81					1,42
0 8: 0,38					0,56					0,72
0 9: 2,00					2,00					5,00
1 0: 0,00					0,00					0,00
1 1: 0,00					0,00					0,00
1 2: 0,00					0,00					0,00
1 3: 0,00					0,00					0,00
1 4: 0,00					0,00					0,00
1 5: 0,00					0,00					0,00
1 6: 0,00					0,00					0,00
1 7: 0,00					0,00					0,00
1 8: 0,00					0,00					0,00
1 9: 0,00					0,00					0,00
2 0: 0,00					5,00					9,00
2 1: 0,00					7,00					9,00
2 2: 0,62					0,80					1,00
2 3: 1,00					1,00					0,50
2 4: 3,00					1,00					0,00
2 5: 0,00					0,00					3,00
2 6: 5,00					6,00					7,00
2 7: 7,00					8,00					10,00
2 8: 6,00					7,00					8,00
2 9: 12,00					12,00					14,00
2 10: 61,82					62,36					61,95
2 11: 3,45					5,09					6,32
2 12: 58,36					57,27					55,64
2 13: 61,82					62,36					61,95
3 0: 0,00					2,00					1,00
3 1: 0,00					2,00					10,00
3 2: 0,67					0,67					1,00
3 3: 1,00					0,67					1,00
3 4: 4,00					4,00					0,00
3 5: 0,00					4,00					0,00
3 6: 3,00					3,00					2,00
3 7: 8,00					8,00					10,00
3 8: 7,00					7,00					7,00
3 9: 14,00					14,00					29,00
3 10: 59,83					61,58					76,58
3 11: 4,83					5,58					4,58
3 12: 55,00					56,00					72,00
3 13: 59,83					61,58					76,58
4 0: 84,00					144,00					168,00
4 1: -24,00					-60,00					60,00
4 2: 0,00					0,00					12,00
4 3: 2,86					1,71					2,29
4 4: 12,00					12,00					9,00
4 5: 0,00					0,00					0,00
4 6: 228,57					228,57					228,57
4 7: 5,14					1,71					0,00
4 8: 1,71					2,29					1,71
4 9: 5,71					5,71					11,43
4 10: 0,00					0,00					0,00
4 11: 2,86					2,29					1,14
4 12: 42,86					128,57					200,00
4 13: 40,00					45,71					57,14
4 14: 51,43					57,14					51,43
5 0: 16,00					20,00					48,00
5 1: -16,00					20,00					48,00
5 2: 0,00					0,00					0,00
5 3: 1,33					1,33					1,33
5 4: 4,00					4,00					4,00
5 5: 0,00					0,00					0,00
5 6: 0,00					0,00					0,00
5 7: 1,33					1,33					0,00
5 8: 2,67					1,33					1,33
5 9: 0,00					0,00					0,00
5 10: 0,00					0,00					133,33
5 11: 0,00					0,00					1,33
5 12: 0,00					33,33					33,33
5 13: 13,33					26,67					40,00
5 14: 26,67					13,33					0,00
6 0: 7,42					10,50					21,04
6 1: 0,00					1,09					0,00
6 2: 14,15					5,55					7,04
6 3: 0,23					0,20					0,13
6 4: 0,53					0,75					0,57
6 5: 0,00					0,00					0,00
6 6: 4,28					5,79					7,87
6 7: 0,08					0,09					0,03
6 8: 0,37					0,34					0,29
6 9: 1,51					0,90					1,62
6 10: 0,00					7,33					1,20
6 11: 0,23					0,20					0,16
6 12: 2,08					6,80					7,05
6 13: 4,70					4,83					2,69
6 14: 2,18					3,25					5,25
7 0: 32,00					12,00					8,00
7 1: 20,00					16,00					12,00
7 2: 12,00					4,00					12,00
7 3: 0,00					20,00					8,00
7 4: 8,00					20,00					8,00
7 5: 8,00					8,00					28,00
7 6: 8,00					8,00					12,00
7 7: 0,73					0,55					0,73
7 8: 7,50					14,40					14,40
7 9: 0,00					0,00					0,00
7 10: 4,00					4,00					0,00
7 11: 19,45					19,09					18,55
7 12: 0,00					0,00					181,82
8 0: 4,00					0,00					8,00
8 1: 0,00					4,00					0,00
8 2: 0,00					0,00					0,00
8 3: 4,00					0,00					4,00
8 4: 4,00					4,00					0,00
8 5: 4,00					4,00					4,00
8 6: 0,00					4,00					0,00
8 7: 0,00					0,00					0,00
8 8: 16,00					16,00					16,00
8 9: 0,00					0,00					0,00
8 10: 4,00					4,00					4,00
8 11: 17,00					17,00					23,00
8 12: 0,00					0,00					2000,00
9 0: 0,00					0,00					0,00
9 1: 0,00					0,00					0,00
9 2: 0,00					0,00					0,00
9 3: 0,00					0,00					0,00
9 4: 0,00					0,00					0,00
9 5: 0,00					0,00					0,00
9 6: 0,00					0,00					0,00
9 7: 0,00					0,00					0,00
9 8: 0,00					0,00					0,00
9 9: 0,00					0,00					0,00
9 10: 0,00					0,00					0,00
9 11: 0,00					0,00					0,00
9 12: 0,00					0,00					0,00
