Distance: 					1436,28					1115415,38
0 0: 41,25					41,07					41,07
0 1: 1,18					0,89					0,89
0 2: 1,00					0,50					0,50
0 3: 1,00					0,50					0,50
0 4: 0,11					0,17					0,17
0 5: 0,00					0,18					0,18
0 6: 1,48					1,52					1,45
0 7: 1,02					1,72					1,57
0 8: 0,38					0,72					0,72
0 9: 2,00					2,50					2,50
1 0: 0,00					0,00					0,00
1 1: 0,00					0,00					0,00
1 2: 0,00					0,00					0,00
1 3: 0,00					0,00					0,00
1 4: 0,00					0,00					0,00
1 5: 0,00					0,00					0,00
1 6: 0,00					0,00					0,00
1 7: 0,00					0,00					0,00
1 8: 0,00					0,00					0,00
1 9: 0,00					0,00					0,00
2 0: 0,00					2,00					7,00
2 1: 0,00					2,00					7,00
2 2: 0,62					0,67					1,00
2 3: 1,00					0,67					1,00
2 4: 3,00					2,00					0,00
2 5: 0,00					2,00					0,00
2 6: 5,00					6,00					4,00
2 7: 7,00					8,00					8,00
2 8: 6,00					7,00					7,00
2 9: 12,00					12,00					12,00
2 10: 61,82					62,68					63,14
2 11: 3,45					4,32					4,23
2 12: 58,36					58,36					58,91
2 13: 61,82					62,68					63,14
3 0: 0,00					0,00					0,00
3 1: 0,00					0,00					9,00
3 2: 0,67					0,75					1,00
3 3: 1,00					1,00					0,67
3 4: 4,00					4,00					0,00
3 5: 0,00					0,00					4,00
3 6: 3,00					3,00					2,00
3 7: 8,00					5,00					10,00
3 8: 7,00					5,00					8,00
3 9: 14,00					14,00					17,00
3 10: 59,83					60,25					62,17
3 11: 4,83					4,25					5,17
3 12: 55,00					56,00					57,00
3 13: 59,83					60,25					62,17
4 0: 84,00					84,00					96,00
4 1: -24,00					-24,00					0,00
4 2: 0,00					12,00					12,00
4 3: 2,86					2,29					2,29
4 4: 12,00					9,00					9,00
4 5: 0,00					0,00					0,00
4 6: 228,57					228,57					114,29
4 7: 5,14					4,00					2,86
4 8: 1,71					3,43					1,71
4 9: 5,71					22,86					34,29
4 10: 0,00					0,00					0,00
4 11: 2,86					0,57					2,29
4 12: 42,86					42,86					42,86
4 13: 40,00					51,43					40,00
4 14: 51,43					62,86					57,14
5 0: 16,00					16,00					36,00
5 1: -16,00					-16,00					-36,00
5 2: 0,00					0,00					0,00
5 3: 1,33					1,33					1,33
5 4: 4,00					4,00					4,00
5 5: 0,00					0,00					0,00
5 6: 0,00					0,00					266,67
5 7: 1,33					0,00					0,00
5 8: 2,67					4,00					0,00
5 9: 0,00					0,00					0,00
5 10: 0,00					0,00					133,33
5 11: 0,00					0,00					0,00
5 12: 0,00					0,00					100,00
5 13: 13,33					13,33					13,33
5 14: 26,67					26,67					26,67
6 0: 7,42					10,04					11,17
6 1: 0,00					0,00					1,70
6 2: 14,15					8,57					3,13
6 3: 0,23					0,17					0,15
6 4: 0,53					0,62					0,79
6 5: 0,00					0,00					0,00
6 6: 4,28					6,90					8,59
6 7: 0,08					0,10					0,08
6 8: 0,37					0,30					0,27
6 9: 1,51					1,48					1,54
6 10: 0,00					0,89					3,53
6 11: 0,23					0,19					0,17
6 12: 2,08					4,66					6,47
6 13: 4,70					5,04					4,61
6 14: 2,18					2,50					3,13
7 0: 32,00					16,00					20,00
7 1: 20,00					24,00					16,00
7 2: 12,00					12,00					16,00
7 3: 0,00					12,00					4,00
7 4: 8,00					4,00					20,00
7 5: 8,00					12,00					8,00
7 6: 8,00					8,00					4,00
7 7: 0,73					0,55					0,73
7 8: 7,50					11,33					11,33
7 9: 0,00					0,00					0,00
7 10: 4,00					0,00					4,00
7 11: 19,45					19,45					19,64
7 12: 0,00					0,00					0,00
8 0: 4,00					4,00					0,00
8 1: 0,00					0,00					8,00
8 2: 0,00					0,00					0,00
8 3: 4,00					4,00					4,00
8 4: 4,00					0,00					0,00
8 5: 4,00					8,00					4,00
8 6: 0,00					0,00					0,00
8 7: 0,00					1,00					0,00
8 8: 16,00					6,00					16,00
8 9: 0,00					0,00					0,00
8 10: 4,00					0,00					0,00
8 11: 17,00					17,00					18,00
8 12: 0,00					0,00					1000,00
9 0: 0,00					0,00					0,00
9 1: 0,00					0,00					0,00
9 2: 0,00					0,00					0,00
9 3: 0,00					0,00					0,00
9 4: 0,00					0,00					0,00
9 5: 0,00					0,00					0,00
9 6: 0,00					0,00					0,00
9 7: 0,00					0,00					0,00
9 8: 0,00					0,00					0,00
9 9: 0,00					0,00					0,00
9 10: 0,00					0,00					0,00
9 11: 0,00					0,00					0,00
9 12: 0,00					0,00					0,00
