Distance: 					828,02					1129439,24
0 0: 41,25					41,24					41,24
0 1: 1,18					0,86					0,86
0 2: 1,00					0,50					0,50
0 3: 1,00					0,50					0,50
0 4: 0,11					0,14					0,14
0 5: 0,00					0,09					0,09
0 6: 1,48					1,45					1,45
0 7: 1,02					1,33					1,33
0 8: 0,38					0,75					0,75
0 9: 2,00					2,50					2,50
1 0: 0,00					0,00					0,00
1 1: 0,00					0,00					0,00
1 2: 0,00					0,00					0,00
1 3: 0,00					0,00					0,00
1 4: 0,00					0,00					0,00
1 5: 0,00					0,00					0,00
1 6: 0,00					0,00					0,00
1 7: 0,00					0,00					0,00
1 8: 0,00					0,00					0,00
1 9: 0,00					0,00					0,00
2 0: 0,00					4,00					2,00
2 1: 0,00					4,00					2,00
2 2: 0,62					0,80					0,80
2 3: 1,00					0,80					0,80
2 4: 3,00					1,00					1,00
2 5: 0,00					1,00					1,00
2 6: 5,00					6,00					5,00
2 7: 7,00					7,00					9,00
2 8: 6,00					7,00					8,00
2 9: 12,00					11,00					13,00
2 10: 61,82					62,82					51,59
2 11: 3,45					4,45					4,68
2 12: 58,36					58,36					46,91
2 13: 61,82					62,82					51,59
3 0: 0,00					0,00					0,00
3 1: 0,00					0,00					0,00
3 2: 0,67					0,75					0,33
3 3: 1,00					1,00					1,00
3 4: 4,00					4,00					8,00
3 5: 0,00					0,00					0,00
3 6: 3,00					3,00					1,00
3 7: 8,00					5,00					10,00
3 8: 7,00					5,00					9,00
3 9: 14,00					14,00					14,00
3 10: 59,83					60,25					48,50
3 11: 4,83					4,25					4,50
3 12: 55,00					56,00					44,00
3 13: 59,83					60,25					48,50
4 0: 84,00					84,00					84,00
4 1: -24,00					-24,00					-24,00
4 2: 0,00					0,00					36,00
4 3: 2,86					2,29					3,43
4 4: 12,00					12,00					6,00
4 5: 0,00					0,00					0,00
4 6: 228,57					228,57					228,57
4 7: 5,14					2,86					4,00
4 8: 1,71					4,00					2,29
4 9: 5,71					11,43					5,71
4 10: 0,00					0,00					114,29
4 11: 2,86					2,29					0,00
4 12: 42,86					42,86					128,57
4 13: 40,00					40,00					40,00
4 14: 51,43					57,14					80,00
5 0: 16,00					16,00					16,00
5 1: -16,00					-16,00					-16,00
5 2: 0,00					0,00					0,00
5 3: 1,33					1,33					1,33
5 4: 4,00					4,00					4,00
5 5: 0,00					0,00					0,00
5 6: 0,00					0,00					266,67
5 7: 1,33					0,00					0,00
5 8: 2,67					4,00					2,67
5 9: 0,00					0,00					0,00
5 10: 0,00					0,00					0,00
5 11: 0,00					0,00					0,00
5 12: 0,00					0,00					33,33
5 13: 13,33					13,33					13,33
5 14: 26,67					26,67					26,67
6 0: 7,42					9,24					10,23
6 1: 0,00					0,00					1,60
6 2: 14,15					7,87					5,41
6 3: 0,23					0,19					0,18
6 4: 0,53					0,67					0,75
6 5: 0,00					0,00					0,00
6 6: 4,28					7,67					6,11
6 7: 0,08					0,05					0,06
6 8: 0,37					0,33					0,34
6 9: 1,51					1,75					1,03
6 10: 0,00					1,08					6,74
6 11: 0,23					0,19					0,19
6 12: 2,08					4,47					5,83
6 13: 4,70					5,11					5,13
6 14: 2,18					2,29					2,39
7 0: 32,00					16,00					12,00
7 1: 20,00					16,00					20,00
7 2: 12,00					20,00					16,00
7 3: 0,00					8,00					12,00
7 4: 8,00					12,00					12,00
7 5: 8,00					4,00					8,00
7 6: 8,00					12,00					8,00
7 7: 0,73					0,91					0,73
7 8: 7,50					11,33					11,33
7 9: 0,00					0,00					0,00
7 10: 4,00					0,00					0,00
7 11: 19,45					19,45					15,64
7 12: 0,00					0,00					181,82
8 0: 4,00					4,00					4,00
8 1: 0,00					0,00					0,00
8 2: 0,00					0,00					0,00
8 3: 4,00					4,00					4,00
8 4: 4,00					0,00					4,00
8 5: 4,00					8,00					0,00
8 6: 0,00					0,00					4,00
8 7: 0,00					1,00					0,00
8 8: 16,00					6,00					16,00
8 9: 0,00					0,00					0,00
8 10: 4,00					0,00					4,00
8 11: 17,00					17,00					13,00
8 12: 0,00					0,00					1000,00
9 0: 0,00					0,00					0,00
9 1: 0,00					0,00					0,00
9 2: 0,00					0,00					0,00
9 3: 0,00					0,00					0,00
9 4: 0,00					0,00					0,00
9 5: 0,00					0,00					0,00
9 6: 0,00					0,00					0,00
9 7: 0,00					0,00					0,00
9 8: 0,00					0,00					0,00
9 9: 0,00					0,00					0,00
9 10: 0,00					0,00					0,00
9 11: 0,00					0,00					0,00
9 12: 0,00					0,00					0,00
