Distance: 					377532,63					705870,88
0 0: 18,75					35,81					42,19
0 1: 1,61					2,84					2,84
0 2: 1,00					2,00					2,00
0 3: 3,12					8,00					8,00
0 4: 0,45					1,11					1,11
0 5: 0,00					0,00					0,00
0 6: 1,50					2,73					2,73
0 7: 1,57					3,31					3,31
0 8: 0,00					0,00					0,00
0 9: 0,00					0,00					0,00
1 0: 0,00					3,00					4,00
1 1: 0,00					-9,00					-8,00
1 2: 0,80					0,60					0,60
1 3: 0,80					0,67					0,67
1 4: 1,00					4,00					4,00
1 5: 1,00					4,00					4,00
1 6: 3,00					5,00					5,00
1 7: 5,00					11,00					11,00
1 8: 5,00					7,00					7,00
1 9: 6,00					17,00					17,00
1 10: 62,80					70,87					71,38
1 11: 2,80					4,20					4,71
1 12: 60,00					66,67					66,67
1 13: 58,80					60,87					61,38
2 0: 4,00					0,00					0,00
2 1: 4,00					0,00					-5,00
2 2: 0,50					0,89					1,00
2 3: 0,60					0,80					0,82
2 4: 4,00					1,00					0,00
2 5: 4,00					2,00					2,00
2 6: 7,00					5,00					5,00
2 7: 11,00					12,00					10,00
2 8: 7,00					7,00					7,00
2 9: 17,00					22,00					19,00
2 10: 53,85					68,98					68,38
2 11: 6,45					5,23					5,62
2 12: 47,40					63,75					62,75
2 13: 49,85					58,98					58,38
3 0: 36,00					108,00					96,00
3 1: 24,00					-48,00					-24,00
3 2: 0,00					12,00					24,00
3 3: 2,57					1,91					2,45
3 4: 12,00					10,29					9,33
3 5: 0,00					0,00					0,00
3 6: 857,14					381,82					109,09
3 7: 5,14					1,91					3,27
3 8: 1,71					3,27					3,27
3 9: 0,00					10,91					10,91
3 10: 0,00					27,27					0,00
3 11: 0,86					1,64					1,64
3 12: 107,14					102,27					68,18
3 13: 51,43					40,91					40,91
3 14: 60,00					62,73					62,73
4 0: 8,00					40,00					28,00
4 1: -8,00					4,00					-20,00
4 2: 4,00					4,00					8,00
4 3: 2,67					0,80					1,33
4 4: 2,00					2,67					2,40
4 5: 4,00					0,00					0,00
4 6: 266,67					266,67					213,33
4 7: 2,67					0,53					0,80
4 8: 0,00					0,27					0,00
4 9: 0,00					2,67					5,33
4 10: 0,00					0,00					0,00
4 11: 0,00					0,27					0,00
4 12: 33,33					66,67					66,67
4 13: 0,00					18,67					21,33
4 14: 40,00					18,67					18,67
5 0: 18,59					197,60					197,60
5 1: 2,97					0,88					34,39
5 2: 2,84					11,89					9,08
5 3: 0,17					4,42					4,31
5 4: 0,84					17,82					19,08
5 5: 0,00					0,00					0,00
5 6: 2,91					60,31					30,31
5 7: 0,03					0,59					0,68
5 8: 0,12					9,07					9,45
5 9: 1,60					44,31					42,84
5 10: 1,63					20,70					3,83
5 11: 0,31					3,91					4,15
5 12: 10,27					88,43					74,22
5 13: 6,56					71,58					79,50
5 14: 2,01					110,90					102,76
6 0: 20,00					20,00					20,00
6 1: 4,00					24,00					24,00
6 2: 0,00					48,00					48,00
6 3: 0,00					12,00					12,00
6 4: 4,00					32,00					32,00
6 5: 16,00					20,00					20,00
6 6: 16,00					24,00					24,00
6 7: 0,53					0,62					0,62
6 8: 8,80					12,73					12,73
6 9: 0,00					0,00					0,00
6 10: 4,00					0,00					0,00
6 11: 17,60					18,67					18,67
6 12: 266,67					0,00					0,00
7 0: 0,00					8,00					16,00
7 1: 0,00					0,00					0,00
7 2: 4,00					4,00					12,00
7 3: 4,00					16,00					12,00
7 4: 4,00					12,00					16,00
7 5: 4,00					16,00					8,00
7 6: 0,00					8,00					0,00
7 7: 0,00					1,00					0,50
7 8: 16,00					9,60					18,67
7 9: 0,00					0,00					0,00
7 10: 4,00					4,00					4,00
7 11: 16,00					16,50					16,75
7 12: 0,00					0,00					0,00
