Distance: 					140,64					1232972,37
0 0: 41,25					41,25					41,25
0 1: 1,18					0,75					0,75
0 2: 2,00					1,00					1,00
0 3: 2,00					1,50					1,50
0 4: 0,49					0,20					0,20
0 5: 0,00					0,27					0,27
0 6: 1,43					1,55					1,55
0 7: 1,82					1,78					1,84
0 8: 0,38					0,91					0,91
0 9: 1,00					3,00					3,00
1 0: 7,00					7,00					2,00
1 1: 7,00					7,00					4,00
1 2: 0,57					0,80					0,75
1 3: 0,57					0,83					0,80
1 4: 3,00					1,00					1,00
1 5: 3,00					1,00					1,00
1 6: 6,00					6,00					7,00
1 7: 7,00					8,00					10,00
1 8: 6,00					6,00					8,00
1 9: 12,00					15,00					13,00
1 10: 69,50					70,91					70,41
1 11: 5,14					4,91					4,41
1 12: 64,36					66,00					66,00
1 13: 69,50					70,91					70,41
2 0: 7,00					7,00					4,00
2 1: 7,00					7,00					9,00
2 2: 0,67					0,67					1,00
2 3: 0,67					0,67					1,00
2 4: 4,00					4,00					0,00
2 5: 4,00					4,00					0,00
2 6: 3,00					3,00					3,00
2 7: 8,00					8,00					9,00
2 8: 7,00					7,00					9,00
2 9: 14,00					14,00					17,00
2 10: 66,75					66,75					81,92
2 11: 5,75					5,75					4,92
2 12: 61,00					61,00					77,00
2 13: 66,75					66,75					81,92
3 0: 84,00					84,00					96,00
3 1: -24,00					-24,00					36,00
3 2: 24,00					24,00					24,00
3 3: 2,86					2,86					2,29
3 4: 7,20					7,20					6,00
3 5: 0,00					0,00					0,00
3 6: 0,00					0,00					342,86
3 7: 4,57					4,57					2,29
3 8: 2,86					2,29					4,00
3 9: 5,71					11,43					11,43
3 10: 0,00					0,00					57,14
3 11: 1,71					1,71					1,14
3 12: 57,14					57,14					85,71
3 13: 51,43					51,43					62,86
3 14: 51,43					51,43					45,71
4 0: 20,00					20,00					36,00
4 1: 20,00					20,00					36,00
4 2: 0,00					0,00					0,00
4 3: 1,33					1,33					1,33
4 4: 4,00					4,00					4,00
4 5: 0,00					0,00					0,00
4 6: 0,00					0,00					266,67
4 7: 1,33					1,33					0,00
4 8: 1,33					1,33					1,33
4 9: 0,00					0,00					0,00
4 10: 0,00					0,00					0,00
4 11: 0,00					0,00					0,00
4 12: 33,33					33,33					66,67
4 13: 26,67					26,67					26,67
4 14: 13,33					13,33					13,33
5 0: 11,27					12,07					21,21
5 1: 0,00					0,00					0,00
5 2: 8,52					5,81					4,99
5 3: 0,20					0,18					0,14
5 4: 0,67					0,73					0,71
5 5: 0,00					0,00					0,00
5 6: 0,00					1,83					7,90
5 7: 0,05					0,06					0,02
5 8: 0,36					0,35					0,31
5 9: 1,97					1,81					1,82
5 10: 0,00					0,56					1,44
5 11: 0,22					0,20					0,18
5 12: 3,17					4,11					6,80
5 13: 4,28					4,49					2,21
5 14: 3,33					3,29					5,97
6 0: 12,00					12,00					12,00
6 1: 16,00					16,00					16,00
6 2: 16,00					20,00					20,00
6 3: 0,00					0,00					16,00
6 4: 28,00					24,00					16,00
6 5: 8,00					12,00					4,00
6 6: 8,00					4,00					4,00
6 7: 0,73					0,73					0,91
6 8: 11,33					11,33					11,33
6 9: 0,00					0,00					0,00
6 10: 0,00					0,00					0,00
6 11: 21,45					22,00					22,00
6 12: 0,00					0,00					181,82
7 0: 4,00					4,00					4,00
7 1: 4,00					4,00					8,00
7 2: 4,00					4,00					0,00
7 3: 0,00					0,00					0,00
7 4: 4,00					4,00					0,00
7 5: 0,00					0,00					4,00
7 6: 0,00					0,00					0,00
7 7: 0,00					0,00					0,00
7 8: 16,00					16,00					16,00
7 9: 0,00					0,00					0,00
7 10: 4,00					4,00					0,00
7 11: 20,00					20,00					25,00
7 12: 0,00					0,00					1000,00
