Distance: 					221,98					1095508,43
0 0: 41,25					41,26					41,26
0 1: 1,18					0,98					0,80
0 2: 2,00					0,50					0,50
0 3: 2,00					1,50					2,00
0 4: 0,49					0,60					0,34
0 5: 0,00					0,45					0,45
0 6: 1,43					1,61					1,61
0 7: 1,82					2,92					2,92
0 8: 0,38					0,56					0,84
0 9: 1,00					1,50					3,50
1 0: 7,00					7,00					7,00
1 1: 7,00					7,00					7,00
1 2: 0,57					0,43					0,60
1 3: 0,57					0,43					0,80
1 4: 3,00					4,00					2,00
1 5: 3,00					4,00					1,00
1 6: 6,00					6,00					6,00
1 7: 7,00					7,00					10,00
1 8: 6,00					7,00					8,00
1 9: 12,00					11,00					16,00
1 10: 69,50					70,18					70,23
1 11: 5,14					5,82					5,86
1 12: 64,36					64,36					64,36
1 13: 69,50					70,18					70,23
2 0: 7,00					7,00					5,00
2 1: 7,00					7,00					5,00
2 2: 0,67					0,67					0,67
2 3: 0,67					0,67					0,67
2 4: 4,00					4,00					4,00
2 5: 4,00					4,00					4,00
2 6: 3,00					3,00					4,00
2 7: 8,00					8,00					7,00
2 8: 7,00					7,00					7,00
2 9: 14,00					14,00					17,00
2 10: 66,75					66,75					65,25
2 11: 5,75					5,75					5,25
2 12: 61,00					61,00					60,00
2 13: 66,75					66,75					65,25
3 0: 84,00					84,00					144,00
3 1: -24,00					-24,00					24,00
3 2: 24,00					24,00					12,00
3 3: 2,86					2,86					2,29
3 4: 7,20					7,20					9,00
3 5: 0,00					0,00					0,00
3 6: 0,00					0,00					228,57
3 7: 4,57					4,57					4,00
3 8: 2,86					2,86					2,29
3 9: 5,71					5,71					5,71
3 10: 0,00					0,00					0,00
3 11: 1,71					1,71					1,14
3 12: 57,14					57,14					100,00
3 13: 51,43					45,71					62,86
3 14: 51,43					57,14					57,14
4 0: 20,00					20,00					40,00
4 1: 20,00					20,00					40,00
4 2: 0,00					0,00					0,00
4 3: 1,33					1,33					1,33
4 4: 4,00					4,00					4,00
4 5: 0,00					0,00					0,00
4 6: 0,00					0,00					0,00
4 7: 1,33					1,33					0,00
4 8: 1,33					1,33					0,00
4 9: 0,00					0,00					13,33
4 10: 0,00					0,00					0,00
4 11: 0,00					0,00					1,33
4 12: 33,33					33,33					33,33
4 13: 26,67					26,67					13,33
4 14: 13,33					13,33					13,33
5 0: 11,27					9,50					12,74
5 1: 0,00					0,00					0,00
5 2: 8,52					9,22					7,52
5 3: 0,20					0,19					0,16
5 4: 0,67					0,60					0,62
5 5: 0,00					0,00					0,00
5 6: 0,00					2,05					6,66
5 7: 0,05					0,10					0,08
5 8: 0,36					0,34					0,31
5 9: 1,97					1,71					1,62
5 10: 0,00					1,15					2,33
5 11: 0,22					0,20					0,18
5 12: 3,17					3,50					5,38
5 13: 4,28					4,51					4,56
5 14: 3,33					3,14					3,27
6 0: 12,00					12,00					8,00
6 1: 16,00					12,00					12,00
6 2: 16,00					8,00					4,00
6 3: 0,00					4,00					20,00
6 4: 28,00					28,00					20,00
6 5: 8,00					12,00					16,00
6 6: 8,00					12,00					8,00
6 7: 0,73					0,36					0,55
6 8: 11,33					14,40					14,40
6 9: 0,00					0,00					0,00
6 10: 0,00					0,00					4,00
6 11: 21,45					21,45					21,45
6 12: 0,00					0,00					181,82
7 0: 4,00					4,00					0,00
7 1: 4,00					4,00					4,00
7 2: 4,00					4,00					4,00
7 3: 0,00					0,00					4,00
7 4: 4,00					4,00					4,00
7 5: 0,00					0,00					0,00
7 6: 0,00					0,00					0,00
7 7: 0,00					0,00					1,00
7 8: 16,00					16,00					6,00
7 9: 0,00					0,00					0,00
7 10: 4,00					4,00					4,00
7 11: 20,00					20,00					19,00
7 12: 0,00					0,00					1000,00
