Distance: 					86,34					1073617,97
0 0: 41,25					41,25					42,99
0 1: 1,18					0,89					0,89
0 2: 2,00					0,00					0,00
0 3: 2,00					0,50					0,50
0 4: 0,49					0,33					0,33
0 5: 0,00					0,27					0,27
0 6: 1,43					1,45					1,45
0 7: 1,82					2,84					2,84
0 8: 0,38					0,62					0,62
0 9: 1,00					2,00					2,00
1 0: 7,00					7,00					7,00
1 1: 7,00					7,00					7,00
1 2: 0,57					0,57					0,57
1 3: 0,57					0,57					0,57
1 4: 3,00					3,00					3,00
1 5: 3,00					3,00					3,00
1 6: 6,00					6,00					6,00
1 7: 7,00					9,00					9,00
1 8: 6,00					7,00					7,00
1 9: 12,00					14,00					14,00
1 10: 69,50					68,91					68,91
1 11: 5,14					5,09					5,09
1 12: 64,36					63,82					63,82
1 13: 69,50					68,91					68,91
2 0: 7,00					7,00					9,00
2 1: 7,00					7,00					5,00
2 2: 0,67					0,67					1,00
2 3: 0,67					0,67					0,67
2 4: 4,00					4,00					0,00
2 5: 4,00					4,00					4,00
2 6: 3,00					3,00					2,00
2 7: 8,00					8,00					10,00
2 8: 7,00					7,00					9,00
2 9: 14,00					14,00					18,00
2 10: 66,75					66,75					69,50
2 11: 5,75					5,75					5,50
2 12: 61,00					61,00					64,00
2 13: 66,75					66,75					69,50
3 0: 84,00					84,00					84,00
3 1: -24,00					-24,00					-24,00
3 2: 24,00					24,00					24,00
3 3: 2,86					2,86					2,86
3 4: 7,20					7,20					7,20
3 5: 0,00					0,00					0,00
3 6: 0,00					0,00					0,00
3 7: 4,57					4,00					4,00
3 8: 2,86					3,43					3,43
3 9: 5,71					5,71					5,71
3 10: 0,00					0,00					0,00
3 11: 1,71					1,71					1,71
3 12: 57,14					57,14					57,14
3 13: 51,43					51,43					51,43
3 14: 51,43					51,43					51,43
4 0: 20,00					20,00					44,00
4 1: 20,00					20,00					44,00
4 2: 0,00					0,00					0,00
4 3: 1,33					1,33					1,33
4 4: 4,00					4,00					4,00
4 5: 0,00					0,00					0,00
4 6: 0,00					0,00					266,67
4 7: 1,33					1,33					0,00
4 8: 1,33					1,33					1,33
4 9: 0,00					0,00					0,00
4 10: 0,00					0,00					0,00
4 11: 0,00					0,00					0,00
4 12: 33,33					33,33					66,67
4 13: 26,67					26,67					26,67
4 14: 13,33					13,33					13,33
5 0: 11,27					9,84					10,14
5 1: 0,00					0,00					0,00
5 2: 8,52					7,66					8,40
5 3: 0,20					0,20					0,19
5 4: 0,67					0,71					0,67
5 5: 0,00					0,00					0,00
5 6: 0,00					0,45					6,14
5 7: 0,05					0,06					0,07
5 8: 0,36					0,37					0,37
5 9: 1,97					1,81					1,60
5 10: 0,00					0,00					2,85
5 11: 0,22					0,21					0,19
5 12: 3,17					3,37					4,42
5 13: 4,28					4,41					3,78
5 14: 3,33					3,12					3,90
6 0: 12,00					16,00					16,00
6 1: 16,00					12,00					12,00
6 2: 16,00					12,00					12,00
6 3: 0,00					4,00					4,00
6 4: 28,00					28,00					28,00
6 5: 8,00					8,00					8,00
6 6: 8,00					8,00					8,00
6 7: 0,73					0,73					0,73
6 8: 11,33					11,33					11,33
6 9: 0,00					0,00					0,00
6 10: 0,00					0,00					0,00
6 11: 21,45					21,27					21,27
6 12: 0,00					0,00					0,00
7 0: 4,00					4,00					4,00
7 1: 4,00					4,00					4,00
7 2: 4,00					4,00					4,00
7 3: 0,00					0,00					4,00
7 4: 4,00					4,00					0,00
7 5: 0,00					0,00					0,00
7 6: 0,00					0,00					0,00
7 7: 0,00					0,00					0,00
7 8: 16,00					16,00					16,00
7 9: 0,00					0,00					0,00
7 10: 4,00					4,00					4,00
7 11: 20,00					20,00					21,00
7 12: 0,00					0,00					1000,00
