Distance: 					214,19					1566821,15
0 0: 41,25					41,25					41,25
0 1: 1,18					0,93					0,93
0 2: 2,00					0,50					0,50
0 3: 2,00					1,50					1,50
0 4: 0,49					0,33					0,33
0 5: 0,00					0,18					0,18
0 6: 1,43					1,53					1,53
0 7: 1,82					2,18					2,18
0 8: 0,38					0,66					0,66
0 9: 1,00					1,50					1,50
1 0: 7,00					7,00					7,00
1 1: 7,00					7,00					7,00
1 2: 0,57					0,83					0,80
1 3: 0,57					0,83					0,80
1 4: 3,00					1,00					1,00
1 5: 3,00					1,00					1,00
1 6: 6,00					5,00					5,00
1 7: 7,00					7,00					7,00
1 8: 6,00					6,00					7,00
1 9: 12,00					12,00					10,00
1 10: 69,50					70,36					70,27
1 11: 5,14					5,45					5,36
1 12: 64,36					64,91					64,91
1 13: 69,50					70,36					70,27
2 0: 7,00					7,00					8,00
2 1: 7,00					7,00					8,00
2 2: 0,67					0,67					0,50
2 3: 0,67					0,67					1,00
2 4: 4,00					4,00					4,00
2 5: 4,00					4,00					0,00
2 6: 3,00					3,00					1,00
2 7: 8,00					8,00					11,00
2 8: 7,00					7,00					9,00
2 9: 14,00					14,00					15,00
2 10: 66,75					66,83					66,33
2 11: 5,75					5,83					4,33
2 12: 61,00					61,00					62,00
2 13: 66,75					66,83					66,33
3 0: 84,00					84,00					120,00
3 1: -24,00					-24,00					-60,00
3 2: 24,00					24,00					0,00
3 3: 2,86					2,86					1,71
3 4: 7,20					7,20					12,00
3 5: 0,00					0,00					0,00
3 6: 0,00					0,00					685,71
3 7: 4,57					4,57					1,14
3 8: 2,86					2,86					2,29
3 9: 5,71					11,43					5,71
3 10: 0,00					0,00					0,00
3 11: 1,71					1,14					0,57
3 12: 57,14					57,14					185,71
3 13: 51,43					51,43					68,57
3 14: 51,43					57,14					45,71
4 0: 20,00					20,00					32,00
4 1: 20,00					20,00					32,00
4 2: 0,00					0,00					0,00
4 3: 1,33					1,33					1,33
4 4: 4,00					4,00					4,00
4 5: 0,00					0,00					0,00
4 6: 0,00					0,00					266,67
4 7: 1,33					1,33					0,00
4 8: 1,33					1,33					0,00
4 9: 0,00					0,00					0,00
4 10: 0,00					0,00					0,00
4 11: 0,00					0,00					0,00
4 12: 33,33					33,33					100,00
4 13: 26,67					26,67					26,67
4 14: 13,33					13,33					13,33
5 0: 11,27					10,41					10,69
5 1: 0,00					0,00					0,00
5 2: 8,52					9,90					5,72
5 3: 0,20					0,20					0,15
5 4: 0,67					0,61					0,72
5 5: 0,00					0,00					0,00
5 6: 0,00					1,78					12,60
5 7: 0,05					0,05					0,02
5 8: 0,36					0,34					0,31
5 9: 1,97					1,90					1,61
5 10: 0,00					0,00					2,17
5 11: 0,22					0,21					0,17
5 12: 3,17					3,55					6,68
5 13: 4,28					4,57					4,93
5 14: 3,33					2,79					2,87
6 0: 12,00					12,00					16,00
6 1: 16,00					20,00					12,00
6 2: 16,00					8,00					4,00
6 3: 0,00					0,00					4,00
6 4: 28,00					24,00					20,00
6 5: 8,00					12,00					16,00
6 6: 8,00					12,00					16,00
6 7: 0,73					0,55					0,91
6 8: 11,33					11,33					11,33
6 9: 0,00					0,00					0,00
6 10: 0,00					0,00					0,00
6 11: 21,45					21,64					21,64
6 12: 0,00					0,00					0,00
7 0: 4,00					4,00					4,00
7 1: 4,00					4,00					8,00
7 2: 4,00					4,00					0,00
7 3: 0,00					0,00					0,00
7 4: 4,00					4,00					0,00
7 5: 0,00					0,00					4,00
7 6: 0,00					0,00					0,00
7 7: 0,00					0,00					0,00
7 8: 16,00					16,00					16,00
7 9: 0,00					0,00					0,00
7 10: 4,00					4,00					0,00
7 11: 20,00					20,00					20,00
7 12: 0,00					0,00					1000,00
