Distance: 					446105,45					890111,30
0 0: 18,75					41,25					41,25
0 1: 1,61					1,18					1,18
0 2: 1,00					2,00					2,00
0 3: 3,12					2,00					2,00
0 4: 0,45					0,49					0,49
0 5: 0,00					0,00					0,00
0 6: 1,50					1,43					1,43
0 7: 1,57					1,82					1,82
0 8: 0,00					0,38					0,38
0 9: 0,00					1,00					1,00
1 0: 0,00					6,00					7,00
1 1: 0,00					6,00					7,00
1 2: 0,80					0,57					0,57
1 3: 0,80					0,57					0,57
1 4: 1,00					3,00					3,00
1 5: 1,00					3,00					3,00
1 6: 3,00					6,00					6,00
1 7: 5,00					7,00					7,00
1 8: 5,00					6,00					6,00
1 9: 6,00					12,00					12,00
1 10: 62,80					68,64					69,50
1 11: 2,80					4,27					5,14
1 12: 60,00					64,36					64,36
1 13: 58,80					68,64					69,50
2 0: 4,00					6,00					7,00
2 1: 4,00					6,00					7,00
2 2: 0,50					0,67					0,67
2 3: 0,60					0,67					0,67
2 4: 4,00					4,00					4,00
2 5: 4,00					4,00					4,00
2 6: 7,00					3,00					3,00
2 7: 11,00					8,00					8,00
2 8: 7,00					7,00					7,00
2 9: 17,00					13,00					14,00
2 10: 53,85					65,92					66,75
2 11: 6,45					4,92					5,75
2 12: 47,40					61,00					61,00
2 13: 49,85					65,92					66,75
3 0: 36,00					84,00					84,00
3 1: 24,00					-24,00					-24,00
3 2: 0,00					0,00					24,00
3 3: 2,57					1,71					2,86
3 4: 12,00					12,00					7,20
3 5: 0,00					0,00					0,00
3 6: 857,14					342,86					0,00
3 7: 5,14					2,86					4,57
3 8: 1,71					2,86					2,86
3 9: 0,00					5,71					5,71
3 10: 0,00					171,43					0,00
3 11: 0,86					1,71					1,71
3 12: 107,14					100,00					57,14
3 13: 51,43					51,43					51,43
3 14: 60,00					51,43					51,43
4 0: 8,00					20,00					20,00
4 1: -8,00					20,00					20,00
4 2: 4,00					0,00					0,00
4 3: 2,67					1,33					1,33
4 4: 2,00					4,00					4,00
4 5: 4,00					0,00					0,00
4 6: 266,67					0,00					0,00
4 7: 2,67					1,33					1,33
4 8: 0,00					1,33					1,33
4 9: 0,00					0,00					0,00
4 10: 0,00					0,00					0,00
4 11: 0,00					0,00					0,00
4 12: 33,33					33,33					33,33
4 13: 0,00					26,67					26,67
4 14: 40,00					13,33					13,33
5 0: 18,59					11,10					11,27
5 1: 2,97					0,00					0,00
5 2: 2,84					5,57					8,52
5 3: 0,17					0,20					0,20
5 4: 0,84					0,74					0,67
5 5: 0,00					0,00					0,00
5 6: 2,91					4,09					0,00
5 7: 0,03					0,04					0,05
5 8: 0,12					0,36					0,36
5 9: 1,60					1,72					1,97
5 10: 1,63					4,14					0,00
5 11: 0,31					0,22					0,22
5 12: 10,27					4,23					3,17
5 13: 6,56					4,28					4,28
5 14: 2,01					3,33					3,33
6 0: 20,00					12,00					12,00
6 1: 4,00					16,00					16,00
6 2: 0,00					16,00					16,00
6 3: 0,00					0,00					0,00
6 4: 4,00					28,00					28,00
6 5: 16,00					8,00					8,00
6 6: 16,00					8,00					8,00
6 7: 0,53					0,73					0,73
6 8: 8,80					11,33					11,33
6 9: 0,00					0,00					0,00
6 10: 4,00					0,00					0,00
6 11: 17,60					21,45					21,45
6 12: 266,67					0,00					0,00
7 0: 0,00					4,00					4,00
7 1: 0,00					4,00					4,00
7 2: 4,00					4,00					4,00
7 3: 4,00					0,00					0,00
7 4: 4,00					4,00					4,00
7 5: 4,00					0,00					0,00
7 6: 0,00					0,00					0,00
7 7: 0,00					0,00					0,00
7 8: 16,00					16,00					16,00
7 9: 0,00					0,00					0,00
7 10: 4,00					4,00					4,00
7 11: 16,00					20,00					20,00
7 12: 0,00					0,00					0,00
