Distance: 					2879,23					9553081,65
0 0: 18,75					31,71					34,47
0 1: 1,61					0,83					1,30
0 2: 1,00					1,00					0,50
0 3: 3,12					1,50					1,50
0 4: 2,24					1,97					0,65
0 5: 0,00					0,40					0,00
0 6: 1,50					1,73					1,62
0 7: 7,86					26,01					13,39
0 8: 0,00					0,96					0,79
0 9: 0,00					6,00					3,50
1 0: 15,00					25,37					27,58
1 1: 0,50					0,50					0,50
1 2: 0,50					0,50					0,50
1 3: 0,50					0,50					0,50
1 4: 0,00					0,00					0,00
1 5: 0,00					0,00					0,00
1 6: 0,50					0,50					0,50
1 7: 0,00					0,00					0,00
1 8: 0,00					0,00					0,00
1 9: 0,00					0,00					0,00
2 0: 0,00					0,00					2,00
2 1: 0,00					0,00					2,00
2 2: 0,80					0,43					1,00
2 3: 0,80					0,43					1,00
2 4: 1,00					4,00					0,00
2 5: 1,00					4,00					0,00
2 6: 3,00					3,00					3,00
2 7: 5,00					5,00					6,00
2 8: 5,00					5,00					6,00
2 9: 6,00					5,00					7,00
2 10: 62,80					63,40					63,60
2 11: 2,80					3,40					5,20
2 12: 60,00					60,00					58,40
2 13: 58,80					59,40					59,60
3 0: 4,00					11,00					3,00
3 1: 4,00					7,00					3,00
3 2: 0,50					0,75					1,00
3 3: 0,60					1,00					0,67
3 4: 4,00					2,00					0,00
3 5: 4,00					0,00					4,00
3 6: 7,00					7,00					7,00
3 7: 11,00					10,00					9,00
3 8: 7,00					6,00					6,00
3 9: 17,00					20,00					16,00
3 10: 53,85					62,10					87,85
3 11: 6,45					6,90					6,25
3 12: 47,40					55,20					81,60
3 13: 49,85					58,10					83,85
4 0: 36,00					36,00					84,00
4 1: 24,00					0,00					24,00
4 2: 0,00					12,00					12,00
4 3: 2,57					3,43					2,57
4 4: 12,00					9,00					8,00
4 5: 0,00					0,00					0,00
4 6: 857,14					857,14					171,43
4 7: 5,14					2,57					2,57
4 8: 1,71					1,71					0,86
4 9: 0,00					0,00					8,57
4 10: 0,00					0,00					0,00
4 11: 0,86					3,43					1,71
4 12: 107,14					107,14					150,00
4 13: 51,43					34,29					51,43
4 14: 60,00					51,43					51,43
5 0: 8,00					16,00					16,00
5 1: -8,00					-16,00					-16,00
5 2: 4,00					0,00					0,00
5 3: 2,67					1,33					1,33
5 4: 2,00					4,00					4,00
5 5: 4,00					0,00					0,00
5 6: 266,67					266,67					533,33
5 7: 2,67					0,00					0,00
5 8: 0,00					2,67					1,33
5 9: 0,00					0,00					0,00
5 10: 0,00					0,00					0,00
5 11: 0,00					0,00					0,00
5 12: 33,33					33,33					66,67
5 13: 0,00					0,00					13,33
5 14: 40,00					40,00					26,67
6 0: 18,59					13,22					32,80
6 1: 2,97					0,00					0,00
6 2: 2,84					5,66					3,18
6 3: 0,17					0,25					0,20
6 4: 0,84					0,77					0,87
6 5: 0,00					0,00					0,00
6 6: 2,91					13,69					9,34
6 7: 0,03					0,08					0,02
6 8: 0,12					0,05					0,11
6 9: 1,60					1,71					1,24
6 10: 1,63					2,57					1,22
6 11: 0,31					0,38					0,35
6 12: 10,27					10,35					12,47
6 13: 6,56					4,47					2,81
6 14: 2,01					3,87					6,20
7 0: 20,00					32,00					20,00
7 1: 4,00					4,00					20,00
7 2: 0,00					0,00					0,00
7 3: 0,00					0,00					0,00
7 4: 4,00					0,00					8,00
7 5: 16,00					12,00					8,00
7 6: 16,00					12,00					4,00
7 7: 0,53					0,80					0,53
7 8: 8,80					6,67					8,80
7 9: 0,00					0,00					0,00
7 10: 4,00					4,00					4,00
7 11: 17,60					18,40					18,67
7 12: 266,67					266,67					266,67
8 0: 0,00					6,00					0,00
8 1: 0,00					0,00					12,00
8 2: 6,00					6,00					6,00
8 3: 6,00					0,00					0,00
8 4: 6,00					6,00					6,00
8 5: 6,00					0,00					0,00
8 6: 0,00					6,00					0,00
8 7: 0,00					0,00					1,50
8 8: 24,00					24,00					9,00
8 9: 0,00					0,00					0,00
8 10: 6,00					6,00					0,00
8 11: 24,00					28,50					42,00
8 12: 0,00					0,00					3000,00
9 0: 0,00					0,00					0,00
9 1: 0,00					4,00					4,00
9 2: 4,00					0,00					0,00
9 3: 0,00					0,00					0,00
9 4: 0,00					6,00					6,00
9 5: 6,00					0,00					0,00
9 6: 0,00					0,00					0,00
9 7: 0,20					0,20					0,20
9 8: 2,67					2,67					2,67
9 9: 0,00					0,00					0,00
9 10: 0,00					0,00					0,00
9 11: 3,80					4,80					6,80
9 12: 0,00					0,00					0,00
