Distance: 					117315,29					10350126,36
0 0: 18,75					14,81					20,48
0 1: 1,61					1,23					1,27
0 2: 1,00					1,00					1,50
0 3: 3,12					1,50					1,50
0 4: 2,24					1,66					2,16
0 5: 0,00					0,13					0,40
0 6: 1,50					1,73					1,95
0 7: 7,86					14,85					19,75
0 8: 0,00					0,46					0,38
0 9: 0,00					2,50					3,00
1 0: 15,00					11,85					16,39
1 1: 0,50					0,50					0,50
1 2: 0,50					0,50					0,50
1 3: 0,50					0,50					0,50
1 4: 0,00					0,00					0,00
1 5: 0,00					0,00					0,00
1 6: 0,50					0,50					0,50
1 7: 0,00					0,00					0,00
1 8: 0,00					0,00					0,00
1 9: 0,00					0,00					0,00
2 0: 0,00					10,00					9,00
2 1: 0,00					-2,00					-3,00
2 2: 0,80					1,00					0,57
2 3: 0,80					1,00					0,57
2 4: 1,00					0,00					3,00
2 5: 1,00					0,00					3,00
2 6: 3,00					2,00					2,00
2 7: 5,00					7,00					6,00
2 8: 5,00					7,00					6,00
2 9: 6,00					10,00					8,00
2 10: 62,80					62,80					61,73
2 11: 2,80					3,60					3,33
2 12: 60,00					59,20					58,40
2 13: 58,80					58,80					57,73
3 0: 4,00					2,00					0,00
3 1: 4,00					2,00					6,00
3 2: 0,50					0,75					1,00
3 3: 0,60					1,00					1,00
3 4: 4,00					2,00					0,00
3 5: 4,00					0,00					0,00
3 6: 7,00					7,00					8,00
3 7: 11,00					10,00					12,00
3 8: 7,00					6,00					8,00
3 9: 17,00					20,00					21,00
3 10: 53,85					54,60					55,50
3 11: 6,45					5,40					6,30
3 12: 47,40					49,20					49,20
3 13: 49,85					50,60					51,50
4 0: 36,00					96,00					96,00
4 1: 24,00					12,00					0,00
4 2: 0,00					12,00					24,00
4 3: 2,57					2,57					3,43
4 4: 12,00					8,00					6,00
4 5: 0,00					0,00					0,00
4 6: 857,14					857,14					342,86
4 7: 5,14					0,86					0,86
4 8: 1,71					1,71					3,43
4 9: 0,00					0,00					0,00
4 10: 0,00					171,43					0,00
4 11: 0,86					1,71					3,43
4 12: 107,14					192,86					107,14
4 13: 51,43					51,43					42,86
4 14: 60,00					51,43					42,86
5 0: 8,00					28,00					36,00
5 1: -8,00					28,00					36,00
5 2: 4,00					0,00					0,00
5 3: 2,67					1,33					1,33
5 4: 2,00					4,00					4,00
5 5: 4,00					0,00					0,00
5 6: 266,67					0,00					266,67
5 7: 2,67					1,33					0,00
5 8: 0,00					1,33					0,00
5 9: 0,00					13,33					0,00
5 10: 0,00					0,00					0,00
5 11: 0,00					0,00					0,00
5 12: 33,33					0,00					100,00
5 13: 0,00					26,67					13,33
5 14: 40,00					13,33					26,67
6 0: 18,59					20,46					16,63
6 1: 2,97					0,00					0,00
6 2: 2,84					5,81					3,56
6 3: 0,17					0,21					0,21
6 4: 0,84					0,75					0,87
6 5: 0,00					0,00					0,00
6 6: 2,91					17,42					4,84
6 7: 0,03					0,01					0,05
6 8: 0,12					0,06					0,10
6 9: 1,60					1,73					0,68
6 10: 1,63					2,12					25,40
6 11: 0,31					0,37					0,34
6 12: 10,27					11,22					13,30
6 13: 6,56					6,34					5,97
6 14: 2,01					2,21					2,83
7 0: 20,00					4,00					20,00
7 1: 4,00					4,00					0,00
7 2: 0,00					4,00					0,00
7 3: 0,00					4,00					4,00
7 4: 4,00					4,00					4,00
7 5: 16,00					20,00					32,00
7 6: 16,00					20,00					0,00
7 7: 0,53					0,53					0,53
7 8: 8,80					12,00					8,80
7 9: 0,00					0,00					0,00
7 10: 4,00					4,00					0,00
7 11: 17,60					17,07					17,33
7 12: 266,67					266,67					533,33
8 0: 0,00					0,00					6,00
8 1: 0,00					6,00					6,00
8 2: 6,00					0,00					0,00
8 3: 6,00					0,00					6,00
8 4: 6,00					6,00					0,00
8 5: 6,00					6,00					0,00
8 6: 0,00					6,00					6,00
8 7: 0,00					0,00					0,00
8 8: 24,00					24,00					24,00
8 9: 0,00					0,00					0,00
8 10: 6,00					6,00					6,00
8 11: 24,00					24,00					25,50
8 12: 0,00					0,00					3000,00
9 0: 0,00					0,00					0,00
9 1: 0,00					6,00					6,00
9 2: 4,00					0,00					0,00
9 3: 0,00					0,00					0,00
9 4: 0,00					0,00					0,00
9 5: 6,00					4,00					4,00
9 6: 0,00					0,00					0,00
9 7: 0,20					0,20					0,20
9 8: 2,67					2,67					2,67
9 9: 0,00					0,00					0,00
9 10: 0,00					0,00					0,00
9 11: 3,80					3,40					3,40
9 12: 0,00					0,00					1000,00
