Distance: 					1125,48					9008915,28
0 0: 18,75					12,04					27,16
0 1: 1,61					0,73					0,88
0 2: 1,00					0,50					0,50
0 3: 3,12					1,00					0,50
0 4: 2,24					0,91					2,54
0 5: 0,00					0,27					0,12
0 6: 1,50					1,88					1,50
0 7: 7,86					15,47					18,33
0 8: 0,00					1,04					0,79
0 9: 0,00					4,50					2,50
1 0: 15,00					9,63					20,37
1 1: 0,50					0,50					0,50
1 2: 0,50					0,50					0,50
1 3: 0,50					0,50					0,50
1 4: 0,00					0,00					0,00
1 5: 0,00					0,00					0,00
1 6: 0,50					0,50					0,50
1 7: 0,00					0,00					0,00
1 8: 0,00					0,00					0,00
1 9: 0,00					0,00					0,00
2 0: 0,00					11,00					0,00
2 1: 0,00					-1,00					0,00
2 2: 0,80					0,67					0,80
2 3: 0,80					0,67					0,80
2 4: 1,00					2,00					1,00
2 5: 1,00					2,00					1,00
2 6: 3,00					3,00					4,00
2 7: 5,00					6,00					5,00
2 8: 5,00					6,00					5,00
2 9: 6,00					7,00					5,00
2 10: 62,80					63,80					63,94
2 11: 2,80					3,80					3,94
2 12: 60,00					60,00					60,00
2 13: 58,80					59,80					59,94
3 0: 4,00					0,00					3,00
3 1: 4,00					4,00					3,00
3 2: 0,50					0,75					0,67
3 3: 0,60					1,00					0,60
3 4: 4,00					2,00					2,00
3 5: 4,00					0,00					4,00
3 6: 7,00					7,00					8,00
3 7: 11,00					10,00					11,00
3 8: 7,00					6,00					7,00
3 9: 17,00					20,00					20,00
3 10: 53,85					49,10					60,35
3 11: 6,45					5,90					5,15
3 12: 47,40					43,20					55,20
3 13: 49,85					45,10					56,35
4 0: 36,00					36,00					36,00
4 1: 24,00					24,00					-36,00
4 2: 0,00					0,00					0,00
4 3: 2,57					2,57					3,20
4 4: 12,00					12,00					12,00
4 5: 0,00					0,00					0,00
4 6: 857,14					857,14					800,00
4 7: 5,14					4,29					0,00
4 8: 1,71					1,71					4,80
4 9: 0,00					0,00					0,00
4 10: 0,00					0,00					0,00
4 11: 0,86					1,71					3,20
4 12: 107,14					107,14					100,00
4 13: 51,43					42,86					48,00
4 14: 60,00					60,00					40,00
5 0: 8,00					16,00					16,00
5 1: -8,00					-16,00					-16,00
5 2: 4,00					0,00					0,00
5 3: 2,67					1,33					1,33
5 4: 2,00					4,00					4,00
5 5: 4,00					0,00					0,00
5 6: 266,67					266,67					266,67
5 7: 2,67					0,00					0,00
5 8: 0,00					2,67					2,67
5 9: 0,00					0,00					0,00
5 10: 0,00					0,00					0,00
5 11: 0,00					0,00					0,00
5 12: 33,33					33,33					33,33
5 13: 0,00					0,00					0,00
5 14: 40,00					40,00					40,00
6 0: 18,59					25,69					14,57
6 1: 2,97					0,00					0,00
6 2: 2,84					3,32					5,44
6 3: 0,17					0,20					0,22
6 4: 0,84					0,86					0,80
6 5: 0,00					0,00					0,00
6 6: 2,91					6,17					15,62
6 7: 0,03					0,01					0,03
6 8: 0,12					0,04					0,13
6 9: 1,60					1,74					1,10
6 10: 1,63					1,88					5,48
6 11: 0,31					0,40					0,34
6 12: 10,27					11,94					12,17
6 13: 6,56					6,69					5,33
6 14: 2,01					2,31					3,45
7 0: 20,00					16,00					24,00
7 1: 4,00					8,00					16,00
7 2: 0,00					4,00					0,00
7 3: 0,00					0,00					0,00
7 4: 4,00					0,00					0,00
7 5: 16,00					8,00					8,00
7 6: 16,00					24,00					16,00
7 7: 0,53					0,53					0,75
7 8: 8,80					12,00					13,00
7 9: 0,00					0,00					0,00
7 10: 4,00					0,00					4,00
7 11: 17,60					17,87					18,50
7 12: 266,67					266,67					250,00
8 0: 0,00					6,00					6,00
8 1: 0,00					0,00					6,00
8 2: 6,00					6,00					6,00
8 3: 6,00					6,00					0,00
8 4: 6,00					0,00					6,00
8 5: 6,00					6,00					0,00
8 6: 0,00					0,00					0,00
8 7: 0,00					0,00					0,00
8 8: 24,00					24,00					24,00
8 9: 0,00					0,00					0,00
8 10: 6,00					6,00					6,00
8 11: 24,00					22,50					28,50
8 12: 0,00					0,00					3000,00
9 0: 0,00					4,00					0,00
9 1: 0,00					0,00					0,00
9 2: 4,00					0,00					6,00
9 3: 0,00					6,00					0,00
9 4: 0,00					0,00					0,00
9 5: 6,00					0,00					0,00
9 6: 0,00					0,00					4,00
9 7: 0,20					0,20					0,20
9 8: 2,67					2,67					2,67
9 9: 0,00					0,00					0,00
9 10: 0,00					0,00					0,00
9 11: 3,80					3,80					4,40
9 12: 0,00					0,00					0,00
