Distance: 					380,34					3822346,85
0 0: 18,75					18,06					23,67
0 1: 1,61					0,93					0,69
0 2: 1,00					0,50					0,50
0 3: 3,12					0,50					0,50
0 4: 2,24					3,32					1,01
0 5: 0,00					0,13					0,12
0 6: 1,50					1,64					1,50
0 7: 7,86					13,01					13,33
0 8: 0,00					0,79					1,00
0 9: 0,00					2,00					3,50
1 0: 15,00					14,45					17,75
1 1: 0,50					0,50					0,50
1 2: 0,50					0,50					0,50
1 3: 0,50					0,50					0,50
1 4: 0,00					0,00					0,00
1 5: 0,00					0,00					0,00
1 6: 0,50					0,50					0,50
1 7: 0,00					0,00					0,00
1 8: 0,00					0,00					0,00
1 9: 0,00					0,00					0,00
2 0: 0,00					0,00					11,00
2 1: 0,00					0,00					-1,00
2 2: 0,80					1,00					0,50
2 3: 0,80					1,00					0,50
2 4: 1,00					0,00					3,00
2 5: 1,00					0,00					3,00
2 6: 3,00					3,00					4,00
2 7: 5,00					6,00					6,00
2 8: 5,00					6,00					6,00
2 9: 6,00					7,00					11,00
2 10: 62,80					63,73					51,06
2 11: 2,80					3,73					4,56
2 12: 60,00					60,00					46,50
2 13: 58,80					59,73					47,06
3 0: 4,00					4,00					11,00
3 1: 4,00					4,00					-1,00
3 2: 0,50					0,50					0,67
3 3: 0,60					0,60					0,86
3 4: 4,00					4,00					4,00
3 5: 4,00					4,00					2,00
3 6: 7,00					7,00					6,00
3 7: 11,00					11,00					8,00
3 8: 7,00					7,00					5,00
3 9: 17,00					17,00					19,00
3 10: 53,85					53,85					50,75
3 11: 6,45					6,45					6,35
3 12: 47,40					47,40					44,40
3 13: 49,85					49,85					46,75
4 0: 36,00					36,00					72,00
4 1: 24,00					24,00					0,00
4 2: 0,00					0,00					24,00
4 3: 2,57					2,57					3,20
4 4: 12,00					12,00					6,00
4 5: 0,00					0,00					0,00
4 6: 857,14					857,14					160,00
4 7: 5,14					4,29					3,20
4 8: 1,71					0,86					3,20
4 9: 0,00					0,00					0,00
4 10: 0,00					0,00					80,00
4 11: 0,86					2,57					3,20
4 12: 107,14					107,14					60,00
4 13: 51,43					42,86					32,00
4 14: 60,00					51,43					56,00
5 0: 8,00					8,00					20,00
5 1: -8,00					-8,00					-20,00
5 2: 4,00					4,00					0,00
5 3: 2,67					2,67					1,33
5 4: 2,00					2,00					4,00
5 5: 4,00					4,00					0,00
5 6: 266,67					266,67					0,00
5 7: 2,67					2,67					0,00
5 8: 0,00					0,00					0,00
5 9: 0,00					0,00					0,00
5 10: 0,00					0,00					0,00
5 11: 0,00					0,00					1,33
5 12: 33,33					33,33					66,67
5 13: 0,00					0,00					0,00
5 14: 40,00					40,00					26,67
6 0: 18,59					20,04					13,20
6 1: 2,97					0,00					0,00
6 2: 2,84					3,10					6,21
6 3: 0,17					0,18					0,27
6 4: 0,84					0,84					0,79
6 5: 0,00					0,00					0,00
6 6: 2,91					5,33					11,82
6 7: 0,03					0,03					0,04
6 8: 0,12					0,09					0,07
6 9: 1,60					1,52					1,25
6 10: 1,63					6,20					11,21
6 11: 0,31					0,30					0,40
6 12: 10,27					12,33					11,60
6 13: 6,56					6,81					4,52
6 14: 2,01					2,03					3,82
7 0: 20,00					24,00					12,00
7 1: 4,00					4,00					0,00
7 2: 0,00					4,00					4,00
7 3: 0,00					0,00					4,00
7 4: 4,00					0,00					8,00
7 5: 16,00					8,00					12,00
7 6: 16,00					20,00					24,00
7 7: 0,53					0,53					0,75
7 8: 8,80					12,00					9,60
7 9: 0,00					0,00					0,00
7 10: 4,00					4,00					0,00
7 11: 17,60					18,13					13,25
7 12: 266,67					266,67					250,00
8 0: 0,00					0,00					0,00
8 1: 0,00					0,00					0,00
8 2: 6,00					6,00					12,00
8 3: 6,00					6,00					6,00
8 4: 6,00					6,00					0,00
8 5: 6,00					6,00					0,00
8 6: 0,00					0,00					6,00
8 7: 0,00					0,00					1,50
8 8: 24,00					24,00					9,00
8 9: 0,00					0,00					0,00
8 10: 6,00					6,00					0,00
8 11: 24,00					24,00					22,50
8 12: 0,00					0,00					1500,00
9 0: 0,00					0,00					4,00
9 1: 0,00					0,00					0,00
9 2: 4,00					4,00					0,00
9 3: 0,00					0,00					6,00
9 4: 0,00					0,00					0,00
9 5: 6,00					6,00					0,00
9 6: 0,00					0,00					0,00
9 7: 0,20					0,20					0,20
9 8: 2,67					2,67					2,67
9 9: 0,00					0,00					0,00
9 10: 0,00					0,00					0,00
9 11: 3,80					3,80					3,80
9 12: 0,00					0,00					1000,00
