Distance: 					12437,68					4079239,60
0 0: 18,75					18,85					24,65
0 1: 1,61					1,33					0,93
0 2: 1,00					1,00					0,50
0 3: 3,12					1,50					0,50
0 4: 2,24					8,39					0,61
0 5: 0,00					0,40					0,00
0 6: 1,50					2,05					1,62
0 7: 7,86					39,30					5,06
0 8: 0,00					0,33					0,88
0 9: 0,00					1,00					2,50
1 0: 15,00					15,08					21,13
1 1: 0,50					0,50					0,50
1 2: 0,50					0,50					0,50
1 3: 0,50					0,50					0,50
1 4: 0,00					0,00					0,00
1 5: 0,00					0,00					0,00
1 6: 0,50					0,50					0,50
1 7: 0,00					0,00					0,00
1 8: 0,00					0,00					0,00
1 9: 0,00					0,00					0,00
2 0: 0,00					0,00					9,00
2 1: 0,00					0,00					-3,00
2 2: 0,80					0,62					0,60
2 3: 0,80					0,62					0,60
2 4: 1,00					3,00					2,00
2 5: 1,00					3,00					2,00
2 6: 3,00					2,00					4,00
2 7: 5,00					4,00					6,00
2 8: 5,00					4,00					6,00
2 9: 6,00					5,00					9,00
2 10: 62,80					51,60					75,57
2 11: 2,80					3,60					4,43
2 12: 60,00					48,00					71,14
2 13: 58,80					47,60					71,57
3 0: 4,00					5,00					9,00
3 1: 4,00					5,00					-3,00
3 2: 0,50					0,67					0,50
3 3: 0,60					0,83					0,60
3 4: 4,00					2,00					4,00
3 5: 4,00					2,00					4,00
3 6: 7,00					8,00					7,00
3 7: 11,00					11,00					11,00
3 8: 7,00					5,00					7,00
3 9: 17,00					32,00					18,00
3 10: 53,85					56,35					58,10
3 11: 6,45					5,95					4,10
3 12: 47,40					50,40					54,00
3 13: 49,85					52,35					54,10
4 0: 36,00					36,00					60,00
4 1: 24,00					0,00					0,00
4 2: 0,00					24,00					12,00
4 3: 2,57					4,29					2,77
4 4: 12,00					7,20					8,00
4 5: 0,00					0,00					0,00
4 6: 857,14					857,14					0,00
4 7: 5,14					1,71					3,69
4 8: 1,71					0,86					1,85
4 9: 0,00					0,00					0,00
4 10: 0,00					0,00					0,00
4 11: 0,86					4,29					2,77
4 12: 107,14					128,57					92,31
4 13: 51,43					34,29					46,15
4 14: 60,00					42,86					46,15
5 0: 8,00					76,00					24,00
5 1: -8,00					32,00					24,00
5 2: 4,00					0,00					0,00
5 3: 2,67					1,33					1,33
5 4: 2,00					4,00					4,00
5 5: 4,00					0,00					0,00
5 6: 266,67					266,67					0,00
5 7: 2,67					0,00					1,33
5 8: 0,00					0,00					1,33
5 9: 0,00					13,33					0,00
5 10: 0,00					0,00					133,33
5 11: 0,00					0,00					0,00
5 12: 33,33					66,67					33,33
5 13: 0,00					13,33					13,33
5 14: 40,00					26,67					26,67
6 0: 18,59					16,58					28,08
6 1: 2,97					-1,44					5,63
6 2: 2,84					2,70					3,36
6 3: 0,17					0,24					0,19
6 4: 0,84					0,95					0,79
6 5: 0,00					0,00					0,00
6 6: 2,91					6,84					11,05
6 7: 0,03					0,04					0,01
6 8: 0,12					0,05					0,04
6 9: 1,60					1,60					1,30
6 10: 1,63					2,16					2,76
6 11: 0,31					0,41					0,36
6 12: 10,27					11,09					11,66
6 13: 6,56					3,81					6,48
6 14: 2,01					4,83					1,88
7 0: 20,00					28,00					0,00
7 1: 4,00					4,00					8,00
7 2: 0,00					0,00					12,00
7 3: 0,00					0,00					0,00
7 4: 4,00					0,00					4,00
7 5: 16,00					4,00					20,00
7 6: 16,00					24,00					12,00
7 7: 0,53					0,53					0,57
7 8: 8,80					6,67					11,00
7 9: 0,00					0,00					0,00
7 10: 4,00					4,00					0,00
7 11: 17,60					14,13					21,43
7 12: 266,67					266,67					285,71
8 0: 0,00					0,00					0,00
8 1: 0,00					0,00					6,00
8 2: 6,00					6,00					0,00
8 3: 6,00					12,00					0,00
8 4: 6,00					0,00					6,00
8 5: 6,00					6,00					6,00
8 6: 0,00					0,00					6,00
8 7: 0,00					0,00					0,00
8 8: 24,00					24,00					24,00
8 9: 0,00					0,00					0,00
8 10: 6,00					0,00					6,00
8 11: 24,00					25,50					25,50
8 12: 0,00					0,00					1500,00
9 0: 0,00					4,00					0,00
9 1: 0,00					0,00					4,00
9 2: 4,00					0,00					0,00
9 3: 0,00					6,00					0,00
9 4: 0,00					0,00					6,00
9 5: 6,00					0,00					0,00
9 6: 0,00					0,00					0,00
9 7: 0,20					0,20					0,20
9 8: 2,67					2,67					2,67
9 9: 0,00					0,00					0,00
9 10: 0,00					0,00					0,00
9 11: 3,80					4,80					3,80
9 12: 0,00					0,00					1000,00
