Distance: 					15,80					101740,85
0 0: 37,50					37,49					43,62
0 1: 3,22					2,33					2,33
0 2: 2,00					2,00					2,00
0 3: 6,25					5,00					5,00
0 4: 0,90					0,96					0,96
0 5: 0,00					0,53					0,53
0 6: 3,00					3,08					3,08
0 7: 3,14					3,61					3,61
0 8: 0,00					1,00					1,00
0 9: 0,00					2,00					2,00
1 0: 0,00					0,00					0,00
1 1: 0,00					0,00					0,00
1 2: 0,00					0,00					0,00
1 3: 0,00					0,00					0,00
1 4: 0,00					0,00					0,00
1 5: 0,00					0,00					0,00
1 6: 0,00					0,00					0,00
1 7: 0,00					0,00					0,00
1 8: 0,00					0,00					0,00
1 9: 0,00					0,00					0,00
2 0: 0,00					0,00					0,00
2 1: 0,00					0,00					0,00
2 2: 0,80					0,80					1,00
2 3: 0,80					0,80					1,00
2 4: 1,00					1,00					0,00
2 5: 1,00					1,00					0,00
2 6: 3,00					4,00					5,00
2 7: 5,00					5,00					6,00
2 8: 5,00					5,00					6,00
2 9: 6,00					6,00					8,00
2 10: 62,80					63,93					64,07
2 11: 2,80					3,93					4,07
2 12: 60,00					60,00					60,00
2 13: 58,80					59,93					60,07
3 0: 4,00					4,00					3,00
3 1: 4,00					4,00					3,00
3 2: 0,50					0,50					0,50
3 3: 0,60					0,60					0,60
3 4: 4,00					4,00					4,00
3 5: 4,00					4,00					4,00
3 6: 7,00					7,00					7,00
3 7: 11,00					11,00					11,00
3 8: 7,00					7,00					7,00
3 9: 17,00					17,00					18,00
3 10: 53,85					53,85					53,50
3 11: 6,45					6,45					6,10
3 12: 47,40					47,40					47,40
3 13: 49,85					49,85					49,50
4 0: 48,00					48,00					128,00
4 1: 32,00					32,00					-32,00
4 2: 0,00					0,00					16,00
4 3: 3,43					3,43					4,57
4 4: 16,00					16,00					12,00
4 5: 0,00					0,00					0,00
4 6: 285,71					285,71					285,71
4 7: 6,86					6,86					2,29
4 8: 2,29					2,29					2,29
4 9: 0,00					0,00					1,14
4 10: 0,00					0,00					0,00
4 11: 1,14					1,14					0,00
4 12: 285,71					285,71					514,29
4 13: 68,57					68,57					68,57
4 14: 80,00					80,00					91,43
5 0: 16,00					16,00					32,00
5 1: -16,00					-16,00					-32,00
5 2: 8,00					8,00					0,00
5 3: 5,33					5,33					2,67
5 4: 4,00					4,00					8,00
5 5: 8,00					8,00					0,00
5 6: 133,33					133,33					0,00
5 7: 5,33					5,33					5,33
5 8: 0,00					0,00					2,67
5 9: 0,00					0,00					0,00
5 10: 0,00					0,00					0,00
5 11: 0,00					0,00					0,00
5 12: 133,33					133,33					0,00
5 13: 0,00					0,00					26,67
5 14: 80,00					80,00					53,33
6 0: 13,15					14,13					15,19
6 1: 2,12					1,57					1,57
6 2: 1,66					1,89					2,08
6 3: 0,13					0,13					0,14
6 4: 0,61					0,62					0,61
6 5: 0,00					0,00					0,00
6 6: 0,00					0,53					1,07
6 7: 0,01					0,02					0,01
6 8: 0,08					0,06					0,05
6 9: 0,12					0,13					0,10
6 10: 0,62					0,34					4,60
6 11: 0,23					0,23					0,24
6 12: 14,80					15,61					17,97
6 13: 4,81					4,91					4,91
6 14: 1,25					1,40					1,40
7 0: 0,53					0,80					0,53
7 1: 8,80					8,80					17,33
7 2: 0,00					0,00					24,00
7 3: 0,00					0,00					0,00
7 4: 4,00					4,00					4,00
7 5: 17,60					18,40					18,40
7 6: 13,33					13,33					26,67
8 0: 0,00					0,00					0,00
8 1: 32,00					32,00					32,00
8 2: 40,00					40,00					40,00
8 3: 0,00					0,00					0,00
8 4: 8,00					8,00					8,00
8 5: 32,00					32,00					32,00
8 6: 0,00					0,00					0,00
9 0: 0,20					0,20					0,20
9 1: 2,67					2,67					2,67
9 2: 5,00					5,00					5,00
9 3: 0,00					0,00					0,00
9 4: 0,00					0,00					0,00
9 5: 3,80					3,80					3,80
9 6: 0,00					0,00					0,00
