Distance: 					4290,95					100230,42
0 0: 37,50					37,49					56,23
0 1: 3,22					2,67					2,67
0 2: 2,00					4,00					4,00
0 3: 6,25					4,00					4,00
0 4: 0,90					1,29					1,29
0 5: 0,00					0,80					0,80
0 6: 3,00					3,64					3,64
0 7: 3,14					3,87					3,87
0 8: 0,00					0,67					0,67
0 9: 0,00					4,00					4,00
1 0: 0,00					0,00					0,00
1 1: 0,00					0,00					0,00
1 2: 0,00					0,00					0,00
1 3: 0,00					0,00					0,00
1 4: 0,00					0,00					0,00
1 5: 0,00					0,00					0,00
1 6: 0,00					0,00					0,00
1 7: 0,00					0,00					0,00
1 8: 0,00					0,00					0,00
1 9: 0,00					0,00					0,00
2 0: 0,00					0,00					2,00
2 1: 0,00					0,00					2,00
2 2: 0,80					0,80					1,00
2 3: 0,80					0,80					1,00
2 4: 1,00					1,00					0,00
2 5: 1,00					1,00					0,00
2 6: 3,00					4,00					4,00
2 7: 5,00					6,00					7,00
2 8: 5,00					6,00					7,00
2 9: 6,00					6,00					9,00
2 10: 62,80					63,87					63,53
2 11: 2,80					3,87					3,53
2 12: 60,00					60,00					60,00
2 13: 58,80					59,87					59,53
3 0: 4,00					2,00					3,00
3 1: 4,00					2,00					3,00
3 2: 0,50					0,50					0,50
3 3: 0,60					0,60					0,50
3 4: 4,00					4,00					4,00
3 5: 4,00					4,00					6,00
3 6: 7,00					7,00					8,00
3 7: 11,00					11,00					10,00
3 8: 7,00					7,00					7,00
3 9: 17,00					17,00					16,00
3 10: 53,85					52,10					51,70
3 11: 6,45					6,50					7,30
3 12: 47,40					45,60					44,40
3 13: 49,85					48,10					47,70
4 0: 48,00					64,00					144,00
4 1: 32,00					-16,00					0,00
4 2: 0,00					0,00					16,00
4 3: 3,43					3,43					3,43
4 4: 16,00					16,00					10,67
4 5: 0,00					0,00					0,00
4 6: 285,71					285,71					114,29
4 7: 6,86					1,14					1,14
4 8: 2,29					5,71					5,71
4 9: 0,00					0,00					0,00
4 10: 0,00					0,00					114,29
4 11: 1,14					3,43					3,43
4 12: 285,71					285,71					285,71
4 13: 68,57					57,14					57,14
4 14: 80,00					68,57					68,57
5 0: 16,00					16,00					32,00
5 1: -16,00					-16,00					-16,00
5 2: 8,00					8,00					8,00
5 3: 5,33					5,33					5,33
5 4: 4,00					4,00					4,00
5 5: 8,00					8,00					8,00
5 6: 133,33					133,33					0,00
5 7: 5,33					5,33					5,33
5 8: 0,00					0,00					2,67
5 9: 0,00					0,00					0,00
5 10: 0,00					0,00					0,00
5 11: 0,00					0,00					0,00
5 12: 133,33					133,33					0,00
5 13: 0,00					0,00					0,00
5 14: 80,00					80,00					80,00
6 0: 13,15					15,71					16,40
6 1: 2,12					4,10					1,78
6 2: 1,66					1,38					2,08
6 3: 0,13					0,15					0,15
6 4: 0,61					0,70					0,64
6 5: 0,00					0,00					0,00
6 6: 0,00					0,33					1,07
6 7: 0,01					0,00					0,00
6 8: 0,08					0,07					0,07
6 9: 0,12					0,17					0,07
6 10: 0,62					0,00					2,49
6 11: 0,23					0,29					0,27
6 12: 14,80					14,05					20,17
6 13: 4,81					4,94					4,94
6 14: 1,25					1,61					1,61
7 0: 0,53					0,80					0,80
7 1: 8,80					6,67					8,80
7 2: 0,00					24,00					20,00
7 3: 0,00					0,00					0,00
7 4: 4,00					4,00					4,00
7 5: 17,60					18,13					18,13
7 6: 13,33					40,00					26,67
8 0: 0,00					0,00					0,00
8 1: 32,00					32,00					32,00
8 2: 40,00					32,00					48,00
8 3: 0,00					0,00					0,00
8 4: 8,00					8,00					8,00
8 5: 32,00					32,00					30,00
8 6: 0,00					0,00					100,00
9 0: 0,20					0,20					0,20
9 1: 2,67					2,67					2,67
9 2: 5,00					4,00					4,00
9 3: 0,00					0,00					0,00
9 4: 0,00					0,00					0,00
9 5: 3,80					3,80					3,80
9 6: 0,00					0,00					0,00
