Distance: 					10,14					64179,28
0 0: 37,50					37,51					21,11
0 1: 3,22					2,53					2,47
0 2: 2,00					2,00					2,00
0 3: 6,25					6,00					6,00
0 4: 0,90					1,03					1,06
0 5: 0,00					0,27					0,27
0 6: 3,00					3,08					3,08
0 7: 3,14					3,15					3,15
0 8: 0,00					0,75					0,83
0 9: 0,00					1,00					1,00
1 0: 0,00					0,00					0,00
1 1: 0,00					0,00					0,00
1 2: 0,00					0,00					0,00
1 3: 0,00					0,00					0,00
1 4: 0,00					0,00					0,00
1 5: 0,00					0,00					0,00
1 6: 0,00					0,00					0,00
1 7: 0,00					0,00					0,00
1 8: 0,00					0,00					0,00
1 9: 0,00					0,00					0,00
2 0: 0,00					0,00					0,00
2 1: 0,00					0,00					0,00
2 2: 0,80					0,80					1,00
2 3: 0,80					0,80					1,00
2 4: 1,00					1,00					0,00
2 5: 1,00					1,00					0,00
2 6: 3,00					4,00					3,00
2 7: 5,00					5,00					6,00
2 8: 5,00					5,00					6,00
2 9: 6,00					6,00					7,00
2 10: 62,80					63,93					63,20
2 11: 2,80					3,93					3,20
2 12: 60,00					60,00					60,00
2 13: 58,80					59,93					59,20
3 0: 4,00					4,00					3,00
3 1: 4,00					4,00					3,00
3 2: 0,50					0,50					0,67
3 3: 0,60					0,60					0,86
3 4: 4,00					4,00					4,00
3 5: 4,00					4,00					2,00
3 6: 7,00					7,00					6,00
3 7: 11,00					11,00					8,00
3 8: 7,00					7,00					5,00
3 9: 17,00					17,00					17,00
3 10: 53,85					53,85					53,85
3 11: 6,45					6,45					4,65
3 12: 47,40					47,40					49,20
3 13: 49,85					49,85					49,85
4 0: 48,00					48,00					48,00
4 1: 32,00					32,00					32,00
4 2: 0,00					0,00					0,00
4 3: 3,43					3,43					4,57
4 4: 16,00					16,00					16,00
4 5: 0,00					0,00					0,00
4 6: 285,71					285,71					171,43
4 7: 6,86					6,86					4,57
4 8: 2,29					2,29					1,14
4 9: 0,00					0,00					0,00
4 10: 0,00					0,00					0,00
4 11: 1,14					1,14					2,29
4 12: 285,71					285,71					400,00
4 13: 68,57					68,57					68,57
4 14: 80,00					80,00					68,57
5 0: 16,00					16,00					24,00
5 1: -16,00					-16,00					-24,00
5 2: 8,00					8,00					0,00
5 3: 5,33					5,33					2,67
5 4: 4,00					4,00					8,00
5 5: 8,00					8,00					0,00
5 6: 133,33					133,33					0,00
5 7: 5,33					5,33					2,67
5 8: 0,00					0,00					2,67
5 9: 0,00					0,00					0,00
5 10: 0,00					0,00					0,00
5 11: 0,00					0,00					2,67
5 12: 133,33					133,33					0,00
5 13: 0,00					0,00					0,00
5 14: 80,00					80,00					53,33
6 0: 13,15					14,13					13,90
6 1: 2,12					1,57					3,31
6 2: 1,66					1,89					1,62
6 3: 0,13					0,13					0,14
6 4: 0,61					0,62					0,65
6 5: 0,00					0,00					0,00
6 6: 0,00					0,53					0,23
6 7: 0,01					0,02					0,04
6 8: 0,08					0,06					0,03
6 9: 0,12					0,13					0,14
6 10: 0,62					0,34					1,02
6 11: 0,23					0,23					0,26
6 12: 14,80					15,61					14,62
6 13: 4,81					4,91					4,80
6 14: 1,25					1,40					1,40
7 0: 0,53					0,80					0,80
7 1: 8,80					8,80					8,80
7 2: 0,00					0,00					24,00
7 3: 0,00					0,00					0,00
7 4: 4,00					4,00					4,00
7 5: 17,60					18,40					18,13
7 6: 13,33					13,33					13,33
8 0: 0,00					0,00					2,00
8 1: 32,00					32,00					12,00
8 2: 40,00					40,00					40,00
8 3: 0,00					0,00					0,00
8 4: 8,00					8,00					0,00
8 5: 32,00					32,00					32,00
8 6: 0,00					0,00					0,00
9 0: 0,20					0,20					0,20
9 1: 2,67					2,67					2,67
9 2: 5,00					5,00					5,00
9 3: 0,00					0,00					0,00
9 4: 0,00					0,00					0,00
9 5: 3,80					3,80					3,80
9 6: 0,00					0,00					0,00
