Distance: 					497,14					97424,18
0 0: 37,50					37,49					43,47
0 1: 3,22					2,20					2,20
0 2: 2,00					2,00					2,00
0 3: 6,25					2,00					2,00
0 4: 0,90					1,04					1,04
0 5: 0,00					0,53					0,53
0 6: 3,00					3,50					3,50
0 7: 3,14					5,08					5,75
0 8: 0,00					1,08					1,08
0 9: 0,00					2,00					3,00
1 0: 0,00					0,00					0,00
1 1: 0,00					0,00					0,00
1 2: 0,00					0,00					0,00
1 3: 0,00					0,00					0,00
1 4: 0,00					0,00					0,00
1 5: 0,00					0,00					0,00
1 6: 0,00					0,00					0,00
1 7: 0,00					0,00					0,00
1 8: 0,00					0,00					0,00
1 9: 0,00					0,00					0,00
2 0: 0,00					0,00					0,00
2 1: 0,00					0,00					0,00
2 2: 0,80					0,60					0,60
2 3: 0,80					0,60					0,60
2 4: 1,00					2,00					2,00
2 5: 1,00					2,00					2,00
2 6: 3,00					4,00					5,00
2 7: 5,00					6,00					6,00
2 8: 5,00					6,00					6,00
2 9: 6,00					7,00					7,00
2 10: 62,80					64,40					76,27
2 11: 2,80					4,40					4,27
2 12: 60,00					60,00					72,00
2 13: 58,80					60,40					72,27
3 0: 4,00					4,00					4,00
3 1: 4,00					4,00					4,00
3 2: 0,50					0,50					0,50
3 3: 0,60					0,60					0,60
3 4: 4,00					4,00					4,00
3 5: 4,00					4,00					4,00
3 6: 7,00					7,00					7,00
3 7: 11,00					11,00					11,00
3 8: 7,00					7,00					7,00
3 9: 17,00					17,00					21,00
3 10: 53,85					53,85					55,85
3 11: 6,45					6,45					5,45
3 12: 47,40					47,40					50,40
3 13: 49,85					49,85					51,85
4 0: 48,00					64,00					64,00
4 1: 32,00					32,00					32,00
4 2: 0,00					0,00					0,00
4 3: 3,43					3,43					3,43
4 4: 16,00					16,00					16,00
4 5: 0,00					0,00					0,00
4 6: 285,71					285,71					171,43
4 7: 6,86					5,71					5,71
4 8: 2,29					3,43					5,71
4 9: 0,00					0,00					0,00
4 10: 0,00					0,00					0,00
4 11: 1,14					1,14					1,14
4 12: 285,71					285,71					171,43
4 13: 68,57					68,57					68,57
4 14: 80,00					80,00					80,00
5 0: 16,00					16,00					48,00
5 1: -16,00					-16,00					48,00
5 2: 8,00					8,00					0,00
5 3: 5,33					5,33					2,67
5 4: 4,00					4,00					8,00
5 5: 8,00					8,00					0,00
5 6: 133,33					133,33					0,00
5 7: 5,33					5,33					0,00
5 8: 0,00					0,00					2,67
5 9: 0,00					0,00					0,00
5 10: 0,00					0,00					133,33
5 11: 0,00					0,00					0,00
5 12: 133,33					133,33					266,67
5 13: 0,00					0,00					26,67
5 14: 80,00					80,00					53,33
6 0: 13,15					15,01					23,29
6 1: 2,12					1,44					0,00
6 2: 1,66					1,98					2,19
6 3: 0,13					0,14					0,15
6 4: 0,61					0,63					0,64
6 5: 0,00					0,00					0,00
6 6: 0,00					0,92					1,78
6 7: 0,01					0,01					0,00
6 8: 0,08					0,04					0,03
6 9: 0,12					0,15					0,14
6 10: 0,62					0,29					0,71
6 11: 0,23					0,26					0,26
6 12: 14,80					15,96					18,53
6 13: 4,81					4,92					4,94
6 14: 1,25					1,50					1,61
7 0: 0,53					0,53					0,53
7 1: 8,80					12,00					12,00
7 2: 0,00					0,00					0,00
7 3: 0,00					0,00					0,00
7 4: 4,00					4,00					4,00
7 5: 17,60					18,93					22,93
7 6: 13,33					26,67					26,67
8 0: 0,00					0,00					0,00
8 1: 32,00					32,00					32,00
8 2: 40,00					40,00					40,00
8 3: 0,00					0,00					0,00
8 4: 8,00					8,00					8,00
8 5: 32,00					32,00					34,00
8 6: 0,00					0,00					100,00
9 0: 0,20					0,20					0,20
9 1: 2,67					2,67					2,67
9 2: 5,00					5,00					4,00
9 3: 0,00					0,00					0,00
9 4: 0,00					0,00					0,00
9 5: 3,80					3,80					3,80
9 6: 0,00					0,00					0,00
