Distance: 					39931,80					198413,20
0 0: 37,50					63,58					46,16
0 1: 3,22					2,67					2,27
0 2: 2,00					4,00					1,00
0 3: 6,25					4,00					2,00
0 4: 0,90					1,29					0,62
0 5: 0,00					0,80					0,53
0 6: 3,00					3,64					3,75
0 7: 3,14					3,87					9,52
0 8: 0,00					0,67					1,17
0 9: 0,00					4,00					7,00
1 0: 0,00					0,00					0,00
1 1: 0,00					0,00					0,00
1 2: 0,00					0,00					0,00
1 3: 0,00					0,00					0,00
1 4: 0,00					0,00					0,00
1 5: 0,00					0,00					0,00
1 6: 0,00					0,00					0,00
1 7: 0,00					0,00					0,00
1 8: 0,00					0,00					0,00
1 9: 0,00					0,00					0,00
2 0: 0,00					0,00					10,00
2 1: 0,00					0,00					-2,00
2 2: 0,80					1,00					0,60
2 3: 0,80					1,00					0,60
2 4: 1,00					0,00					2,00
2 5: 1,00					0,00					2,00
2 6: 3,00					3,00					4,00
2 7: 5,00					6,00					7,00
2 8: 5,00					6,00					7,00
2 9: 6,00					7,00					11,00
2 10: 62,80					64,07					74,73
2 11: 2,80					4,07					3,53
2 12: 60,00					60,00					71,20
2 13: 58,80					60,07					70,73
3 0: 4,00					2,00					10,00
3 1: 4,00					2,00					-2,00
3 2: 0,50					0,67					0,40
3 3: 0,60					0,86					0,43
3 4: 4,00					4,00					6,00
3 5: 4,00					2,00					8,00
3 6: 7,00					6,00					7,00
3 7: 11,00					7,00					10,00
3 8: 7,00					4,00					6,00
3 9: 17,00					19,00					20,00
3 10: 53,85					53,85					52,25
3 11: 6,45					6,45					4,85
3 12: 47,40					47,40					47,40
3 13: 49,85					49,85					48,25
4 0: 48,00					80,00					128,00
4 1: 32,00					0,00					80,00
4 2: 0,00					16,00					0,00
4 3: 3,43					4,57					2,29
4 4: 16,00					12,00					16,00
4 5: 0,00					0,00					0,00
4 6: 285,71					228,57					57,14
4 7: 6,86					2,29					1,14
4 8: 2,29					2,29					4,57
4 9: 0,00					0,00					0,00
4 10: 0,00					0,00					57,14
4 11: 1,14					4,57					2,29
4 12: 285,71					342,86					400,00
4 13: 68,57					45,71					80,00
4 14: 80,00					68,57					57,14
5 0: 16,00					56,00					64,00
5 1: -16,00					56,00					64,00
5 2: 8,00					0,00					0,00
5 3: 5,33					2,67					2,67
5 4: 4,00					8,00					8,00
5 5: 8,00					0,00					0,00
5 6: 133,33					0,00					133,33
5 7: 5,33					0,00					0,00
5 8: 0,00					0,00					0,00
5 9: 0,00					2,67					0,00
5 10: 0,00					0,00					133,33
5 11: 0,00					2,67					0,00
5 12: 133,33					133,33					400,00
5 13: 0,00					26,67					26,67
5 14: 80,00					26,67					53,33
6 0: 13,15					14,20					24,31
6 1: 2,12					1,56					0,00
6 2: 1,66					3,22					1,48
6 3: 0,13					0,17					0,12
6 4: 0,61					0,59					0,62
6 5: 0,00					0,00					0,00
6 6: 0,00					0,00					1,45
6 7: 0,01					0,00					0,00
6 8: 0,08					0,07					0,07
6 9: 0,12					0,10					0,07
6 10: 0,62					0,00					4,15
6 11: 0,23					0,27					0,21
6 12: 14,80					18,12					18,80
6 13: 4,81					4,79					4,89
6 14: 1,25					1,61					1,25
7 0: 0,53					0,80					0,53
7 1: 8,80					6,67					12,00
7 2: 0,00					24,00					20,00
7 3: 0,00					0,00					0,00
7 4: 4,00					0,00					4,00
7 5: 17,60					18,13					21,60
7 6: 13,33					26,67					106,67
8 0: 0,00					2,00					0,00
8 1: 32,00					12,00					32,00
8 2: 40,00					32,00					8,00
8 3: 0,00					0,00					0,00
8 4: 8,00					0,00					0,00
8 5: 32,00					32,00					32,00
8 6: 0,00					0,00					100,00
9 0: 0,20					0,20					0,20
9 1: 2,67					2,67					2,67
9 2: 5,00					4,00					1,00
9 3: 0,00					0,00					0,00
9 4: 0,00					0,00					0,00
9 5: 3,80					3,80					3,40
9 6: 0,00					0,00					0,00
