Distance: 					4467,24					21737,47
0 0: 18,75					24,82					43,12
0 1: 1,61					1,16					1,16
0 2: 1,00					2,00					2,00
0 3: 3,12					2,00					2,00
0 4: 0,45					0,49					0,49
0 5: 0,00					0,00					0,00
0 6: 1,50					1,36					1,36
0 7: 0,39					0,47					0,47
0 8: 0,00					0,34					0,34
0 9: 0,00					1,00					1,00
1 0: 0,00					0,00					0,00
1 1: 0,00					0,00					0,00
1 2: 0,00					0,00					0,00
1 3: 0,00					0,00					0,00
1 4: 0,00					0,00					0,00
1 5: 0,00					0,00					0,00
1 6: 0,00					0,00					0,00
1 7: 0,00					0,00					0,00
1 8: 0,00					0,00					0,00
1 9: 0,00					0,00					0,00
2 0: 0,00					7,00					6,00
2 1: 0,00					7,00					6,00
2 2: 0,80					1,00					1,00
2 3: 0,80					1,00					1,00
2 4: 1,00					0,00					0,00
2 5: 1,00					0,00					0,00
2 6: 3,00					4,00					4,00
2 7: 5,00					8,00					8,00
2 8: 5,00					6,00					6,00
2 9: 6,00					13,00					14,00
2 10: 62,80					76,96					88,09
2 11: 2,80					4,96					4,09
2 12: 60,00					72,00					84,00
2 13: 58,80					76,96					88,09
3 0: 4,00					7,00					6,00
3 1: 4,00					7,00					6,00
3 2: 0,50					0,75					0,75
3 3: 0,60					0,75					0,75
3 4: 4,00					2,00					2,00
3 5: 4,00					2,00					2,00
3 6: 7,00					5,00					5,00
3 7: 11,00					8,00					8,00
3 8: 7,00					7,00					7,00
3 9: 17,00					14,00					13,00
3 10: 53,85					67,62					54,75
3 11: 6,45					6,12					5,25
3 12: 47,40					61,50					49,50
3 13: 49,85					67,62					54,75
4 0: 6,00					10,00					10,00
4 1: 4,00					-6,00					-4,00
4 2: 0,00					0,00					2,00
4 3: 0,43					0,36					0,36
4 4: 2,00					2,00					1,50
4 5: 0,00					0,00					0,00
4 6: 0,71					0,09					0,09
4 7: 0,86					0,64					0,55
4 8: 0,29					0,64					0,64
4 9: 0,00					0,00					0,00
4 10: 0,00					0,00					0,00
4 11: 0,14					0,27					0,27
4 12: 7,14					4,55					5,45
4 13: 8,57					9,09					9,09
4 14: 10,00					8,18					8,18
5 0: 8,00					20,00					20,00
5 1: -8,00					20,00					20,00
5 2: 4,00					0,00					0,00
5 3: 2,67					1,33					1,33
5 4: 2,00					4,00					4,00
5 5: 4,00					0,00					0,00
5 6: 1,33					0,00					0,00
5 7: 2,67					1,33					1,33
5 8: 0,00					1,33					1,33
5 9: 0,00					0,00					0,00
5 10: 0,00					0,00					0,00
5 11: 0,00					0,00					0,00
5 12: 13,33					13,33					13,33
5 13: 0,00					26,67					26,67
5 14: 40,00					13,33					13,33
6 0: 72,00					72,00					168,00
6 1: 12,00					24,00					96,00
6 2: 9,00					18,00					8,00
6 3: 0,69					0,75					0,62
6 4: 3,36					2,77					3,24
6 5: 0,00					0,00					0,00
6 6: 0,00					0,05					0,06
6 7: 0,05					0,00					0,00
6 8: 0,43					1,09					1,03
6 9: 0,66					0,70					0,58
6 10: 0,07					0,00					0,22
6 11: 1,24					1,08					1,08
6 12: 16,24					11,34					13,21
6 13: 26,40					29,00					31,33
6 14: 6,81					4,71					4,05
7 0: 0,13					0,17					0,17
7 1: 2,20					3,00					3,00
7 2: 0,00					4,00					4,00
7 3: 0,00					0,00					0,00
7 4: 1,00					1,00					1,00
7 5: 4,40					6,00					7,00
7 6: 0,07					0,00					0,00
8 0: 0,00					0,00					0,00
8 1: 16,00					16,00					16,00
8 2: 20,00					16,00					16,00
8 3: 0,00					0,00					0,00
8 4: 4,00					4,00					4,00
8 5: 16,00					20,00					16,00
8 6: 0,00					0,00					0,00
9 0: 0,20					0,12					0,12
9 1: 2,67					2,00					2,00
9 2: 5,00					4,00					4,00
9 3: 0,00					0,00					0,00
9 4: 0,00					0,00					0,00
9 5: 3,80					5,00					4,00
9 6: 0,00					0,00					0,00
