Distance: 					4160,51					1296960,96
0 0: 21,25					21,12					21,12
0 1: 1,88					1,26					1,18
0 2: 1,00					2,00					1,50
0 3: 4,00					2,00					1,50
0 4: 0,76					0,33					0,32
0 5: 0,00					0,24					0,24
0 6: 1,75					2,00					2,14
0 7: 2,62					3,29					4,46
0 8: 0,00					0,53					0,75
0 9: 0,00					2,00					2,50
1 0: 3,00					0,00					8,00
1 1: 3,00					0,00					-4,00
1 2: 1,00					0,80					0,60
1 3: 1,00					0,80					0,60
1 4: 0,00					1,00					2,00
1 5: 0,00					1,00					2,00
1 6: 5,00					4,00					6,00
1 7: 7,00					6,00					7,00
1 8: 7,00					5,00					7,00
1 9: 10,00					12,00					10,00
1 10: 67,00					64,24					64,00
1 11: 6,29					3,53					4,00
1 12: 60,71					60,71					60,00
1 13: 60,00					57,24					57,00
2 0: 0,00					2,00					3,00
2 1: 3,00					2,00					3,00
2 2: 1,00					1,00					1,00
2 3: 1,00					1,00					0,67
2 4: 0,00					0,00					0,00
2 5: 0,00					0,00					4,00
2 6: 4,00					4,00					3,00
2 7: 8,00					8,00					9,00
2 8: 7,00					7,00					8,00
2 9: 12,00					12,00					14,00
2 10: 52,25					54,00					53,75
2 11: 5,25					5,00					5,75
2 12: 47,00					49,00					48,00
2 13: 45,25					47,00					46,75
3 0: 36,00					84,00					84,00
3 1: -24,00					-12,00					-12,00
3 2: 12,00					12,00					12,00
3 3: 3,00					2,25					2,25
3 4: 9,00					8,00					8,00
3 5: 0,00					0,00					0,00
3 6: 600,00					600,00					600,00
3 7: 3,75					0,00					1,50
3 8: 2,25					4,50					4,50
3 9: 0,00					22,50					15,00
3 10: 0,00					0,00					0,00
3 11: 2,25					0,75					0,75
3 12: 93,75					112,50					93,75
3 13: 37,50					45,00					45,00
3 14: 60,00					67,50					67,50
4 0: 8,00					8,00					20,00
4 1: -8,00					-8,00					-20,00
4 2: 4,00					4,00					0,00
4 3: 2,67					2,67					1,33
4 4: 2,00					2,00					4,00
4 5: 4,00					4,00					0,00
4 6: 266,67					266,67					0,00
4 7: 2,67					2,67					1,33
4 8: 0,00					0,00					0,00
4 9: 0,00					0,00					0,00
4 10: 0,00					0,00					0,00
4 11: 0,00					0,00					1,33
4 12: 33,33					33,33					33,33
4 13: 0,00					0,00					0,00
4 14: 40,00					40,00					26,67
5 0: 16,53					14,69					14,03
5 1: 0,00					0,00					-0,73
5 2: 6,03					4,18					4,28
5 3: 0,13					0,14					0,15
5 4: 0,52					0,63					0,63
5 5: 0,00					0,00					0,00
5 6: 6,94					2,65					9,80
5 7: 0,01					0,00					0,01
5 8: 0,29					0,29					0,28
5 9: 1,62					1,86					1,20
5 10: 0,44					0,44					4,69
5 11: 0,19					0,19					0,17
5 12: 4,70					4,31					6,42
5 13: 4,67					4,60					4,58
5 14: 2,38					2,37					2,41
6 0: 16,00					20,00					12,00
6 1: 8,00					0,00					0,00
6 2: 16,00					0,00					4,00
6 3: 4,00					12,00					8,00
6 4: 4,00					16,00					8,00
6 5: 12,00					16,00					28,00
6 6: 8,00					4,00					8,00
6 7: 0,94					0,71					0,24
6 8: 8,00					10,40					20,00
6 9: 0,00					0,00					0,00
6 10: 4,00					4,00					0,00
6 11: 18,59					17,41					16,94
6 12: 0,00					0,00					470,59
7 0: 0,00					0,00					0,00
7 1: 0,00					0,00					4,00
7 2: 4,00					0,00					0,00
7 3: 4,00					4,00					0,00
7 4: 4,00					4,00					0,00
7 5: 4,00					4,00					8,00
7 6: 0,00					4,00					4,00
7 7: 0,00					0,00					1,00
7 8: 16,00					16,00					6,00
7 9: 0,00					0,00					0,00
7 10: 4,00					4,00					0,00
7 11: 12,00					12,00					12,00
7 12: 0,00					0,00					1000,00
