Distance: 					72066,70					217474,16
0 0: 103,12					103,12					46,88
0 1: 0,59					0,59					0,80
0 2: 0,50					1,00					0,50
0 3: 0,50					1,00					1,56
0 4: 0,27					1,24					1,12
0 5: 0,00					0,00					0,00
0 6: 0,74					0,71					0,75
0 7: 2,56					4,56					3,93
0 8: 0,19					0,19					0,00
0 9: 1,00					0,50					0,00
1 0: 75,00					37,50					37,50
1 1: 0,25					0,50					0,25
1 2: 0,25					0,50					0,25
1 3: 0,25					0,50					0,25
1 4: 0,00					0,00					0,00
1 5: 0,00					0,00					0,00
1 6: 0,25					0,50					0,25
1 7: 0,00					0,00					0,00
1 8: 0,00					0,00					0,00
1 9: 0,00					0,00					0,00
2 0: 0,00					3,50					0,00
2 1: 0,00					3,50					0,00
2 2: 0,31					0,29					0,40
2 3: 0,50					0,29					0,40
2 4: 15,00					15,00					5,00
2 5: 0,00					1,50					0,50
2 6: 2,50					3,00					1,50
2 7: 3,50					3,50					2,50
2 8: 3,00					3,00					2,50
2 9: 6,00					6,00					3,00
2 10: 309,09					347,50					314,00
2 11: 1,73					2,57					1,40
2 12: 291,82					321,82					300,00
2 13: 30,91					34,75					29,40
3 0: 0,00					3,50					2,00
3 1: 0,00					3,50					2,00
3 2: 0,33					0,33					0,25
3 3: 0,50					0,33					0,30
3 4: 20,00					20,00					20,00
3 5: 0,00					2,00					2,00
3 6: 1,50					1,50					3,50
3 7: 4,00					4,00					5,50
3 8: 3,50					3,50					3,50
3 9: 7,00					7,00					8,50
3 10: 299,17					333,75					269,25
3 11: 2,42					2,88					3,23
3 12: 275,00					305,00					237,00
3 13: 29,92					33,38					24,93
4 0: 350,00					350,00					150,00
4 1: -100,00					-100,00					100,00
4 2: 0,00					10,00					0,00
4 3: 1,19					1,19					1,07
4 4: 5,00					3,00					5,00
4 5: 0,00					0,00					0,00
4 6: 95,24					0,00					357,14
4 7: 2,14					1,90					2,14
4 8: 0,71					1,19					0,71
4 9: 23,81					23,81					0,00
4 10: 0,00					0,00					0,00
4 11: 1,19					0,71					0,36
4 12: 35,71					47,62					89,29
4 13: 16,67					21,43					21,43
4 14: 42,86					42,86					50,00
5 0: 80,00					100,00					40,00
5 1: -80,00					100,00					-40,00
5 2: 0,00					0,00					2,00
5 3: 0,67					0,67					1,33
5 4: 2,00					2,00					1,00
5 5: 0,00					0,00					2,00
5 6: 0,00					0,00					133,33
5 7: 0,67					0,67					1,33
5 8: 1,33					0,67					0,00
5 9: 0,00					0,00					0,00
5 10: 0,00					0,00					0,00
5 11: 0,00					0,00					0,00
5 12: 0,00					33,33					33,33
5 13: 6,67					13,33					0,00
5 14: 26,67					13,33					40,00
6 0: 37,09					56,34					92,93
6 1: 0,00					0,00					14,84
6 2: 7,08					4,26					1,42
6 3: 0,12					0,10					0,09
6 4: 0,26					0,33					0,42
6 5: 0,00					0,00					0,00
6 6: 2,14					0,00					1,46
6 7: 0,04					0,03					0,01
6 8: 0,19					0,18					0,06
6 9: 7,55					9,87					8,02
6 10: 0,00					0,00					0,82
6 11: 0,12					0,11					0,15
6 12: 2,08					3,17					10,27
6 13: 2,35					2,14					3,28
6 14: 2,18					3,33					2,01
7 0: 160,00					60,00					100,00
7 1: 100,00					80,00					20,00
7 2: 6,00					8,00					0,00
7 3: 0,00					0,00					0,00
7 4: 40,00					140,00					20,00
7 5: 40,00					40,00					80,00
7 6: 4,00					4,00					8,00
7 7: 0,36					0,36					0,27
7 8: 3,75					5,67					4,40
7 9: 0,00					0,00					0,00
7 10: 2,00					0,00					2,00
7 11: 9,73					10,73					8,80
7 12: 0,00					0,00					133,33
8 0: 30,00					30,00					0,00
8 1: 0,00					30,00					0,00
8 2: 0,00					3,00					3,00
8 3: 3,00					0,00					3,00
8 4: 30,00					30,00					30,00
8 5: 30,00					0,00					30,00
8 6: 0,00					0,00					0,00
8 7: 0,00					0,00					0,00
8 8: 12,00					12,00					12,00
8 9: 0,00					0,00					0,00
8 10: 3,00					3,00					3,00
8 11: 12,75					15,00					12,00
8 12: 0,00					0,00					0,00
9 0: 20,00					20,00					0,00
9 1: 0,00					0,00					0,00
9 2: 2,00					2,00					2,00
9 3: 0,00					0,00					0,00
9 4: 20,00					20,00					0,00
9 5: 0,00					0,00					30,00
9 6: 0,00					0,00					0,00
9 7: 0,12					0,12					0,10
9 8: 1,12					1,12					1,33
9 9: 0,00					0,00					0,00
9 10: 0,50					0,50					0,00
9 11: 2,50					2,50					1,90
9 12: 0,00					0,00					0,00
