Distance: 					72790,66					112912,75
0 0: 53,12					46,88					103,12
0 1: 0,94					0,80					0,59
0 2: 0,50					0,50					0,50
0 3: 2,00					1,56					0,50
0 4: 1,89					1,12					0,27
0 5: 0,00					0,00					0,00
0 6: 0,88					0,75					0,74
0 7: 6,56					3,93					2,56
0 8: 0,00					0,00					0,19
0 9: 0,00					0,00					1,00
1 0: 25,00					37,50					75,00
1 1: 0,50					0,25					0,25
1 2: 0,50					0,25					0,25
1 3: 0,50					0,25					0,25
1 4: 0,00					0,00					0,00
1 5: 0,00					0,00					0,00
1 6: 0,50					0,25					0,25
1 7: 0,00					0,00					0,00
1 8: 0,00					0,00					0,00
1 9: 0,00					0,00					0,00
2 0: 1,50					0,00					0,00
2 1: 1,50					0,00					0,00
2 2: 0,50					0,40					0,31
2 3: 0,50					0,40					0,50
2 4: 0,00					5,00					15,00
2 5: 0,00					0,50					0,00
2 6: 2,50					1,50					2,50
2 7: 3,50					2,50					3,50
2 8: 3,50					2,50					3,00
2 9: 5,00					3,00					6,00
2 10: 335,00					314,00					309,09
2 11: 3,15					1,40					1,73
2 12: 303,53					300,00					291,82
2 13: 30,00					29,40					30,91
3 0: 0,00					2,00					0,00
3 1: 1,50					2,00					0,00
3 2: 0,50					0,25					0,33
3 3: 0,50					0,30					0,50
3 4: 0,00					20,00					20,00
3 5: 0,00					2,00					0,00
3 6: 2,00					3,50					1,50
3 7: 4,00					5,50					4,00
3 8: 3,50					3,50					3,50
3 9: 6,00					8,50					7,00
3 10: 261,25					269,25					299,17
3 11: 2,62					3,23					2,42
3 12: 235,00					237,00					275,00
3 13: 22,62					24,93					29,92
4 0: 150,00					150,00					350,00
4 1: -100,00					100,00					-100,00
4 2: 5,00					0,00					0,00
4 3: 1,25					1,07					1,19
4 4: 3,75					5,00					5,00
4 5: 0,00					0,00					0,00
4 6: 250,00					357,14					95,24
4 7: 1,56					2,14					2,14
4 8: 0,94					0,71					0,71
4 9: 0,00					0,00					23,81
4 10: 0,00					0,00					0,00
4 11: 0,94					0,36					1,19
4 12: 78,12					89,29					35,71
4 13: 15,62					21,43					16,67
4 14: 50,00					50,00					42,86
5 0: 40,00					40,00					80,00
5 1: -40,00					-40,00					-80,00
5 2: 2,00					2,00					0,00
5 3: 1,33					1,33					0,67
5 4: 1,00					1,00					2,00
5 5: 2,00					2,00					0,00
5 6: 133,33					133,33					0,00
5 7: 1,33					1,33					0,67
5 8: 0,00					0,00					1,33
5 9: 0,00					0,00					0,00
5 10: 0,00					0,00					0,00
5 11: 0,00					0,00					0,00
5 12: 33,33					33,33					0,00
5 13: 0,00					0,00					6,67
5 14: 40,00					40,00					26,67
6 0: 82,67					92,93					37,09
6 1: 0,00					14,84					0,00
6 2: 3,02					1,42					7,08
6 3: 0,07					0,09					0,12
6 4: 0,26					0,42					0,26
6 5: 0,00					0,00					0,00
6 6: 3,47					1,46					2,14
6 7: 0,01					0,01					0,04
6 8: 0,15					0,06					0,19
6 9: 8,08					8,02					7,55
6 10: 0,22					0,82					0,00
6 11: 0,09					0,15					0,12
6 12: 4,70					10,27					2,08
6 13: 2,34					3,28					2,35
6 14: 2,38					2,01					2,18
7 0: 80,00					100,00					160,00
7 1: 40,00					20,00					100,00
7 2: 8,00					0,00					6,00
7 3: 2,00					0,00					0,00
7 4: 20,00					20,00					40,00
7 5: 60,00					80,00					40,00
7 6: 4,00					8,00					4,00
7 7: 0,47					0,27					0,36
7 8: 4,00					4,40					3,75
7 9: 0,00					0,00					0,00
7 10: 2,00					2,00					2,00
7 11: 9,29					8,80					9,73
7 12: 0,00					133,33					0,00
8 0: 0,00					0,00					30,00
8 1: 0,00					0,00					0,00
8 2: 3,00					3,00					0,00
8 3: 3,00					3,00					3,00
8 4: 30,00					30,00					30,00
8 5: 30,00					30,00					30,00
8 6: 0,00					0,00					0,00
8 7: 0,00					0,00					0,00
8 8: 12,00					12,00					12,00
8 9: 0,00					0,00					0,00
8 10: 3,00					3,00					3,00
8 11: 9,00					12,00					12,75
8 12: 0,00					0,00					0,00
9 0: 20,00					0,00					20,00
9 1: 0,00					0,00					0,00
9 2: 2,00					2,00					2,00
9 3: 0,00					0,00					0,00
9 4: 0,00					0,00					20,00
9 5: 20,00					30,00					0,00
9 6: 0,00					0,00					0,00
9 7: 0,12					0,10					0,12
9 8: 1,12					1,33					1,12
9 9: 0,00					0,00					0,00
9 10: 0,50					0,00					0,50
9 11: 1,83					1,90					2,50
9 12: 0,00					0,00					0,00
