Distance: 					6749,04					402766,06
0 0: 41,25					41,25					41,25
0 1: 1,18					0,77					0,77
0 2: 1,00					0,50					0,50
0 3: 1,00					0,50					0,50
0 4: 0,11					0,14					0,14
0 5: 0,00					0,36					0,36
0 6: 1,48					1,74					1,74
0 7: 1,02					3,54					3,54
0 8: 0,38					0,88					0,88
0 9: 2,00					3,50					3,50
1 0: 0,00					0,00					0,00
1 1: 0,00					0,00					0,00
1 2: 0,00					0,00					0,00
1 3: 0,00					0,00					0,00
1 4: 0,00					0,00					0,00
1 5: 0,00					0,00					0,00
1 6: 0,00					0,00					0,00
1 7: 0,00					0,00					0,00
1 8: 0,00					0,00					0,00
1 9: 0,00					0,00					0,00
2 0: 0,00					0,00					0,00
2 1: 0,00					11,00					0,00
2 2: 0,62					1,00					0,60
2 3: 1,00					1,00					1,00
2 4: 3,00					0,00					2,00
2 5: 0,00					0,00					0,00
2 6: 5,00					7,00					6,00
2 7: 7,00					9,00					11,00
2 8: 6,00					7,00					9,00
2 9: 12,00					14,00					19,00
2 10: 61,82					62,27					62,50
2 11: 3,45					6,09					4,68
2 12: 58,36					56,18					57,82
2 13: 61,82					62,27					62,50
3 0: 0,00					2,00					0,00
3 1: 0,00					11,00					11,00
3 2: 0,67					1,00					1,00
3 3: 1,00					1,00					1,00
3 4: 4,00					0,00					0,00
3 5: 0,00					0,00					0,00
3 6: 3,00					4,00					4,00
3 7: 8,00					8,00					8,00
3 8: 7,00					7,00					7,00
3 9: 14,00					12,00					12,00
3 10: 59,83					59,42					57,75
3 11: 4,83					5,42					5,75
3 12: 55,00					54,00					52,00
3 13: 59,83					59,42					57,75
4 0: 84,00					144,00					180,00
4 1: -24,00					0,00					-144,00
4 2: 0,00					12,00					0,00
4 3: 2,86					2,29					1,71
4 4: 12,00					9,00					12,00
4 5: 0,00					0,00					0,00
4 6: 228,57					228,57					457,14
4 7: 5,14					1,71					0,57
4 8: 1,71					2,29					0,57
4 9: 5,71					11,43					0,00
4 10: 0,00					0,00					57,14
4 11: 2,86					4,00					2,86
4 12: 42,86					71,43					200,00
4 13: 40,00					51,43					51,43
4 14: 51,43					45,71					57,14
5 0: 16,00					16,00					16,00
5 1: -16,00					-16,00					-16,00
5 2: 0,00					0,00					0,00
5 3: 1,33					1,33					1,33
5 4: 4,00					4,00					4,00
5 5: 0,00					0,00					0,00
5 6: 0,00					0,00					0,00
5 7: 1,33					2,67					1,33
5 8: 2,67					1,33					2,67
5 9: 0,00					0,00					0,00
5 10: 0,00					0,00					0,00
5 11: 0,00					0,00					0,00
5 12: 0,00					0,00					0,00
5 13: 13,33					13,33					13,33
5 14: 26,67					26,67					26,67
6 0: 7,42					12,44					17,53
6 1: 0,00					0,00					0,00
6 2: 14,15					7,21					8,81
6 3: 0,23					0,20					0,18
6 4: 0,53					0,71					0,61
6 5: 0,00					0,00					0,00
6 6: 4,28					6,14					15,59
6 7: 0,08					0,04					0,03
6 8: 0,37					0,34					0,31
6 9: 1,51					1,12					1,55
6 10: 0,00					8,38					3,67
6 11: 0,23					0,24					0,19
6 12: 2,08					6,30					7,24
6 13: 4,70					5,34					5,78
6 14: 2,18					2,41					2,18
7 0: 32,00					16,00					28,00
7 1: 20,00					8,00					4,00
7 2: 12,00					8,00					8,00
7 3: 0,00					12,00					12,00
7 4: 8,00					4,00					8,00
7 5: 8,00					20,00					8,00
7 6: 8,00					20,00					20,00
7 7: 0,73					0,73					0,55
7 8: 7,50					11,33					14,40
7 9: 0,00					0,00					0,00
7 10: 4,00					4,00					4,00
7 11: 19,45					18,73					19,09
7 12: 0,00					0,00					545,45
8 0: 4,00					0,00					0,00
8 1: 0,00					0,00					0,00
8 2: 0,00					0,00					4,00
8 3: 4,00					4,00					4,00
8 4: 4,00					4,00					4,00
8 5: 4,00					4,00					4,00
8 6: 0,00					4,00					0,00
8 7: 0,00					0,00					0,00
8 8: 16,00					16,00					16,00
8 9: 0,00					0,00					0,00
8 10: 4,00					4,00					4,00
8 11: 17,00					16,00					16,00
8 12: 0,00					0,00					0,00
9 0: 0,00					0,00					0,00
9 1: 0,00					0,00					0,00
9 2: 0,00					0,00					0,00
9 3: 0,00					0,00					0,00
9 4: 0,00					0,00					0,00
9 5: 0,00					0,00					0,00
9 6: 0,00					0,00					0,00
9 7: 0,00					0,00					0,00
9 8: 0,00					0,00					0,00
9 9: 0,00					0,00					0,00
9 10: 0,00					0,00					0,00
9 11: 0,00					0,00					0,00
9 12: 0,00					0,00					0,00
