Distance: 					5340,69					1094824,48
0 0: 41,25					41,25					41,25
0 1: 1,18					0,75					0,75
0 2: 1,00					0,50					0,50
0 3: 1,00					0,50					0,50
0 4: 0,11					0,13					0,13
0 5: 0,00					0,36					0,36
0 6: 1,48					1,48					1,48
0 7: 1,02					2,67					2,67
0 8: 0,38					0,91					0,91
0 9: 2,00					3,00					3,00
1 0: 0,00					0,00					0,00
1 1: 0,00					0,00					0,00
1 2: 0,00					0,00					0,00
1 3: 0,00					0,00					0,00
1 4: 0,00					0,00					0,00
1 5: 0,00					0,00					0,00
1 6: 0,00					0,00					0,00
1 7: 0,00					0,00					0,00
1 8: 0,00					0,00					0,00
1 9: 0,00					0,00					0,00
2 0: 0,00					4,00					5,00
2 1: 0,00					9,00					5,00
2 2: 0,62					0,60					1,00
2 3: 1,00					1,00					1,00
2 4: 3,00					2,00					0,00
2 5: 0,00					0,00					0,00
2 6: 5,00					6,00					5,00
2 7: 7,00					10,00					9,00
2 8: 6,00					7,00					7,00
2 9: 12,00					16,00					16,00
2 10: 61,82					62,82					62,95
2 11: 3,45					5,55					5,14
2 12: 58,36					57,27					57,82
2 13: 61,82					62,82					62,95
3 0: 0,00					0,00					0,00
3 1: 0,00					0,00					9,00
3 2: 0,67					0,75					1,00
3 3: 1,00					1,00					1,00
3 4: 4,00					4,00					0,00
3 5: 0,00					0,00					0,00
3 6: 3,00					3,00					2,00
3 7: 8,00					5,00					10,00
3 8: 7,00					5,00					9,00
3 9: 14,00					14,00					17,00
3 10: 59,83					60,25					61,33
3 11: 4,83					4,25					5,33
3 12: 55,00					56,00					56,00
3 13: 59,83					60,25					61,33
4 0: 84,00					144,00					144,00
4 1: -24,00					-24,00					0,00
4 2: 0,00					0,00					24,00
4 3: 2,86					1,71					2,86
4 4: 12,00					12,00					7,20
4 5: 0,00					0,00					0,00
4 6: 228,57					228,57					228,57
4 7: 5,14					2,86					2,29
4 8: 1,71					2,86					0,57
4 9: 5,71					5,71					5,71
4 10: 0,00					0,00					57,14
4 11: 2,86					3,43					3,43
4 12: 42,86					57,14					128,57
4 13: 40,00					51,43					51,43
4 14: 51,43					51,43					40,00
5 0: 16,00					16,00					24,00
5 1: -16,00					-16,00					24,00
5 2: 0,00					0,00					0,00
5 3: 1,33					1,33					1,33
5 4: 4,00					4,00					4,00
5 5: 0,00					0,00					0,00
5 6: 0,00					0,00					0,00
5 7: 1,33					0,00					0,00
5 8: 2,67					4,00					1,33
5 9: 0,00					0,00					0,00
5 10: 0,00					0,00					266,67
5 11: 0,00					0,00					0,00
5 12: 0,00					0,00					66,67
5 13: 13,33					13,33					13,33
5 14: 26,67					26,67					26,67
6 0: 7,42					12,52					11,96
6 1: 0,00					0,00					0,47
6 2: 14,15					7,06					3,53
6 3: 0,23					0,19					0,18
6 4: 0,53					0,73					0,82
6 5: 0,00					0,00					0,00
6 6: 4,28					5,84					8,83
6 7: 0,08					0,02					0,03
6 8: 0,37					0,36					0,35
6 9: 1,51					1,81					1,64
6 10: 0,00					0,00					2,77
6 11: 0,23					0,22					0,19
6 12: 2,08					4,71					6,19
6 13: 4,70					5,40					5,32
6 14: 2,18					2,46					2,70
7 0: 32,00					8,00					4,00
7 1: 20,00					12,00					24,00
7 2: 12,00					20,00					8,00
7 3: 0,00					12,00					24,00
7 4: 8,00					8,00					12,00
7 5: 8,00					20,00					4,00
7 6: 8,00					8,00					12,00
7 7: 0,73					0,73					0,36
7 8: 7,50					11,33					14,40
7 9: 0,00					0,00					0,00
7 10: 4,00					4,00					4,00
7 11: 19,45					19,09					19,27
7 12: 0,00					0,00					0,00
8 0: 4,00					4,00					0,00
8 1: 0,00					0,00					4,00
8 2: 0,00					0,00					0,00
8 3: 4,00					4,00					4,00
8 4: 4,00					0,00					0,00
8 5: 4,00					8,00					4,00
8 6: 0,00					0,00					4,00
8 7: 0,00					1,00					0,00
8 8: 16,00					6,00					16,00
8 9: 0,00					0,00					0,00
8 10: 4,00					0,00					4,00
8 11: 17,00					17,00					17,00
8 12: 0,00					0,00					1000,00
9 0: 0,00					0,00					0,00
9 1: 0,00					0,00					0,00
9 2: 0,00					0,00					0,00
9 3: 0,00					0,00					0,00
9 4: 0,00					0,00					0,00
9 5: 0,00					0,00					0,00
9 6: 0,00					0,00					0,00
9 7: 0,00					0,00					0,00
9 8: 0,00					0,00					0,00
9 9: 0,00					0,00					0,00
9 10: 0,00					0,00					0,00
9 11: 0,00					0,00					0,00
9 12: 0,00					0,00					0,00
