Distance: 					1925,03					3041646,75
0 0: 41,25					33,42					18,42
0 1: 1,18					0,89					0,64
0 2: 1,00					0,50					0,50
0 3: 1,00					1,00					1,00
0 4: 0,54					1,19					0,33
0 5: 0,00					0,27					0,11
0 6: 1,48					1,72					1,71
0 7: 5,11					11,45					15,31
0 8: 0,38					0,78					1,16
0 9: 2,00					2,00					3,50
1 0: 30,00					24,31					16,37
1 1: 0,50					0,50					0,50
1 2: 0,50					0,50					0,50
1 3: 0,50					0,50					0,50
1 4: 0,00					0,00					0,00
1 5: 0,00					0,00					0,00
1 6: 0,50					0,50					0,50
1 7: 0,00					0,00					0,00
1 8: 0,00					0,00					0,00
1 9: 0,00					0,00					0,00
2 0: 0,00					2,00					2,00
2 1: 0,00					2,00					3,00
2 2: 0,62					0,71					0,75
2 3: 1,00					0,71					1,00
2 4: 3,00					2,00					1,00
2 5: 0,00					2,00					0,00
2 6: 5,00					5,00					5,00
2 7: 7,00					7,00					9,00
2 8: 6,00					6,00					7,00
2 9: 12,00					12,00					19,00
2 10: 61,82					61,91					62,72
2 11: 3,45					3,55					4,06
2 12: 58,36					58,36					58,67
2 13: 61,82					61,91					62,72
3 0: 0,00					10,00					8,00
3 1: 0,00					10,00					8,00
3 2: 0,67					1,00					0,33
3 3: 1,00					1,00					0,67
3 4: 4,00					0,00					8,00
3 5: 0,00					0,00					4,00
3 6: 3,00					4,00					1,00
3 7: 8,00					8,00					10,00
3 8: 7,00					7,00					9,00
3 9: 14,00					12,00					13,00
3 10: 59,83					55,75					67,75
3 11: 4,83					5,75					5,75
3 12: 55,00					50,00					62,00
3 13: 59,83					55,75					67,75
4 0: 84,00					84,00					156,00
4 1: -24,00					-24,00					24,00
4 2: 0,00					12,00					0,00
4 3: 2,86					2,86					2,12
4 4: 12,00					9,60					12,00
4 5: 0,00					0,00					0,00
4 6: 228,57					228,57					705,88
4 7: 5,14					4,57					1,41
4 8: 1,71					2,29					0,00
4 9: 5,71					5,71					21,18
4 10: 0,00					0,00					141,18
4 11: 2,86					2,29					2,12
4 12: 42,86					57,14					158,82
4 13: 40,00					45,71					56,47
4 14: 51,43					51,43					42,35
5 0: 16,00					16,00					20,00
5 1: -16,00					-16,00					-20,00
5 2: 0,00					0,00					0,00
5 3: 1,33					1,33					1,33
5 4: 4,00					4,00					4,00
5 5: 0,00					0,00					0,00
5 6: 0,00					0,00					266,67
5 7: 1,33					1,33					0,00
5 8: 2,67					2,67					1,33
5 9: 0,00					0,00					0,00
5 10: 0,00					0,00					0,00
5 11: 0,00					0,00					0,00
5 12: 0,00					0,00					66,67
5 13: 13,33					13,33					13,33
5 14: 26,67					26,67					26,67
6 0: 7,42					11,70					10,16
6 1: 0,00					2,24					0,77
6 2: 14,15					5,55					3,51
6 3: 0,23					0,17					0,18
6 4: 0,53					0,75					0,74
6 5: 0,00					0,00					0,00
6 6: 4,28					6,23					7,50
6 7: 0,08					0,03					0,00
6 8: 0,37					0,32					0,35
6 9: 1,51					1,68					1,27
6 10: 0,00					3,34					5,76
6 11: 0,23					0,18					0,19
6 12: 2,08					6,25					5,10
6 13: 4,70					6,08					2,72
6 14: 2,18					1,81					4,18
7 0: 32,00					12,00					12,00
7 1: 20,00					28,00					16,00
7 2: 12,00					20,00					16,00
7 3: 0,00					12,00					8,00
7 4: 8,00					8,00					4,00
7 5: 8,00					0,00					8,00
7 6: 8,00					8,00					8,00
7 7: 0,73					0,73					1,11
7 8: 7,50					11,33					8,67
7 9: 0,00					0,00					0,00
7 10: 4,00					0,00					4,00
7 11: 19,45					19,45					19,56
7 12: 0,00					0,00					0,00
8 0: 6,00					0,00					0,00
8 1: 0,00					6,00					6,00
8 2: 0,00					6,00					12,00
8 3: 6,00					6,00					0,00
8 4: 6,00					6,00					0,00
8 5: 6,00					0,00					6,00
8 6: 0,00					0,00					0,00
8 7: 0,00					0,00					0,00
8 8: 24,00					24,00					24,00
8 9: 0,00					0,00					0,00
8 10: 6,00					6,00					0,00
8 11: 25,50					24,00					30,00
8 12: 0,00					0,00					1500,00
9 0: 4,00					0,00					4,00
9 1: 0,00					4,00					0,00
9 2: 4,00					0,00					4,00
9 3: 0,00					0,00					0,00
9 4: 4,00					4,00					0,00
9 5: 0,00					0,00					4,00
9 6: 0,00					4,00					0,00
9 7: 0,25					0,25					0,25
9 8: 2,25					2,25					2,25
9 9: 0,00					0,00					0,00
9 10: 1,00					1,00					1,00
9 11: 5,00					4,33					5,00
9 12: 0,00					0,00					666,67
