Distance: 					11449,08					3435118,65
0 0: 41,25					62,82					46,39
0 1: 1,18					0,71					0,57
0 2: 1,00					0,50					0,50
0 3: 1,00					0,50					0,50
0 4: 0,54					0,99					0,39
0 5: 0,00					0,29					0,20
0 6: 1,48					1,64					1,39
0 7: 5,11					5,78					5,68
0 8: 0,38					1,03					1,06
0 9: 2,00					2,50					2,50
1 0: 30,00					47,86					37,11
1 1: 0,50					0,50					0,50
1 2: 0,50					0,50					0,50
1 3: 0,50					0,50					0,50
1 4: 0,00					0,00					0,00
1 5: 0,00					0,00					0,00
1 6: 0,50					0,50					0,50
1 7: 0,00					0,00					0,00
1 8: 0,00					0,00					0,00
1 9: 0,00					0,00					0,00
2 0: 0,00					2,00					5,00
2 1: 0,00					2,00					5,00
2 2: 0,62					1,00					0,50
2 3: 1,00					1,00					0,50
2 4: 3,00					0,00					3,00
2 5: 0,00					0,00					3,00
2 6: 5,00					7,00					4,00
2 7: 7,00					7,00					10,00
2 8: 6,00					6,00					8,00
2 9: 12,00					12,00					18,00
2 10: 61,82					62,71					65,30
2 11: 3,45					3,86					5,30
2 12: 58,36					58,86					60,00
2 13: 61,82					62,71					65,30
3 0: 0,00					3,00					2,00
3 1: 0,00					3,00					10,00
3 2: 0,67					1,00					1,00
3 3: 1,00					1,00					1,00
3 4: 4,00					0,00					0,00
3 5: 0,00					0,00					0,00
3 6: 3,00					2,00					2,00
3 7: 8,00					10,00					10,00
3 8: 7,00					7,00					10,00
3 9: 14,00					33,00					21,00
3 10: 59,83					76,25					44,92
3 11: 4,83					4,25					5,92
3 12: 55,00					72,00					39,00
3 13: 59,83					76,25					44,92
4 0: 84,00					96,00					144,00
4 1: -24,00					24,00					24,00
4 2: 0,00					12,00					0,00
4 3: 2,86					2,40					2,53
4 4: 12,00					9,00					12,00
4 5: 0,00					0,00					0,00
4 6: 228,57					240,00					0,00
4 7: 5,14					4,20					3,16
4 8: 1,71					2,40					1,89
4 9: 5,71					18,00					6,32
4 10: 0,00					0,00					0,00
4 11: 2,86					1,20					3,16
4 12: 42,86					60,00					78,95
4 13: 40,00					48,00					44,21
4 14: 51,43					60,00					50,53
5 0: 16,00					60,00					56,00
5 1: -16,00					-60,00					56,00
5 2: 0,00					0,00					0,00
5 3: 1,33					1,33					1,33
5 4: 4,00					4,00					4,00
5 5: 0,00					0,00					0,00
5 6: 0,00					0,00					266,67
5 7: 1,33					0,00					1,33
5 8: 2,67					2,67					0,00
5 9: 0,00					0,00					0,00
5 10: 0,00					0,00					0,00
5 11: 0,00					0,00					0,00
5 12: 0,00					33,33					66,67
5 13: 13,33					13,33					13,33
5 14: 26,67					26,67					26,67
6 0: 7,42					18,54					26,07
6 1: 0,00					0,79					2,98
6 2: 14,15					3,38					6,34
6 3: 0,23					0,14					0,14
6 4: 0,53					0,75					0,57
6 5: 0,00					0,00					0,00
6 6: 4,28					9,91					7,41
6 7: 0,08					0,04					0,01
6 8: 0,37					0,28					0,29
6 9: 1,51					0,92					1,35
6 10: 0,00					8,90					2,60
6 11: 0,23					0,18					0,18
6 12: 2,08					7,65					7,21
6 13: 4,70					2,66					6,13
6 14: 2,18					5,00					1,53
7 0: 32,00					20,00					4,00
7 1: 20,00					20,00					16,00
7 2: 12,00					8,00					8,00
7 3: 0,00					12,00					24,00
7 4: 8,00					8,00					12,00
7 5: 8,00					16,00					8,00
7 6: 8,00					0,00					8,00
7 7: 0,73					0,76					0,60
7 8: 7,50					10,67					10,00
7 9: 0,00					0,00					0,00
7 10: 4,00					4,00					0,00
7 11: 19,45					19,62					20,00
7 12: 0,00					0,00					200,00
8 0: 6,00					6,00					0,00
8 1: 0,00					0,00					0,00
8 2: 0,00					0,00					0,00
8 3: 6,00					0,00					0,00
8 4: 6,00					0,00					12,00
8 5: 6,00					12,00					6,00
8 6: 0,00					6,00					6,00
8 7: 0,00					0,00					0,00
8 8: 24,00					24,00					24,00
8 9: 0,00					0,00					0,00
8 10: 6,00					0,00					0,00
8 11: 25,50					33,00					16,50
8 12: 0,00					0,00					1500,00
9 0: 4,00					4,00					4,00
9 1: 0,00					0,00					4,00
9 2: 4,00					4,00					0,00
9 3: 0,00					0,00					0,00
9 4: 4,00					0,00					4,00
9 5: 0,00					4,00					0,00
9 6: 0,00					0,00					0,00
9 7: 0,25					0,25					0,25
9 8: 2,25					2,25					2,25
9 9: 0,00					0,00					0,00
9 10: 1,00					1,00					1,00
9 11: 5,00					6,67					2,33
9 12: 0,00					0,00					1000,00
