Distance: 					832,96					2755945,76
0 0: 41,25					41,67					43,23
0 1: 1,18					0,73					0,79
0 2: 1,00					0,50					0,50
0 3: 1,00					0,50					1,00
0 4: 0,54					0,78					0,55
0 5: 0,00					0,18					0,11
0 6: 1,48					1,57					1,69
0 7: 5,11					10,07					11,15
0 8: 0,38					1,00					1,03
0 9: 2,00					2,50					3,50
1 0: 30,00					30,30					36,41
1 1: 0,50					0,50					0,50
1 2: 0,50					0,50					0,50
1 3: 0,50					0,50					0,50
1 4: 0,00					0,00					0,00
1 5: 0,00					0,00					0,00
1 6: 0,50					0,50					0,50
1 7: 0,00					0,00					0,00
1 8: 0,00					0,00					0,00
1 9: 0,00					0,00					0,00
2 0: 0,00					2,00					5,00
2 1: 0,00					2,00					6,00
2 2: 0,62					1,00					1,00
2 3: 1,00					1,00					1,00
2 4: 3,00					0,00					0,00
2 5: 0,00					0,00					0,00
2 6: 5,00					4,00					5,00
2 7: 7,00					8,00					7,00
2 8: 6,00					7,00					6,00
2 9: 12,00					12,00					12,00
2 10: 61,82					61,64					62,21
2 11: 3,45					3,27					3,47
2 12: 58,36					58,36					58,74
2 13: 61,82					61,64					62,21
3 0: 0,00					0,00					6,00
3 1: 0,00					11,00					6,00
3 2: 0,67					1,00					0,50
3 3: 1,00					1,00					0,50
3 4: 4,00					0,00					8,00
3 5: 0,00					0,00					8,00
3 6: 3,00					4,00					3,00
3 7: 8,00					8,00					7,00
3 8: 7,00					7,00					7,00
3 9: 14,00					12,00					13,00
3 10: 59,83					57,75					54,17
3 11: 4,83					5,75					5,17
3 12: 55,00					52,00					49,00
3 13: 59,83					57,75					54,17
4 0: 84,00					84,00					84,00
4 1: -24,00					-24,00					-24,00
4 2: 0,00					12,00					0,00
4 3: 2,86					2,86					2,67
4 4: 12,00					9,60					12,00
4 5: 0,00					0,00					0,00
4 6: 228,57					228,57					400,00
4 7: 5,14					5,14					2,67
4 8: 1,71					2,29					2,00
4 9: 5,71					5,71					13,33
4 10: 0,00					0,00					66,67
4 11: 2,86					2,29					2,67
4 12: 42,86					42,86					83,33
4 13: 40,00					45,71					26,67
4 14: 51,43					51,43					66,67
5 0: 16,00					16,00					24,00
5 1: -16,00					-16,00					24,00
5 2: 0,00					0,00					0,00
5 3: 1,33					1,33					1,33
5 4: 4,00					4,00					4,00
5 5: 0,00					0,00					0,00
5 6: 0,00					0,00					0,00
5 7: 1,33					1,33					0,00
5 8: 2,67					2,67					1,33
5 9: 0,00					0,00					0,00
5 10: 0,00					0,00					133,33
5 11: 0,00					0,00					0,00
5 12: 0,00					0,00					66,67
5 13: 13,33					13,33					13,33
5 14: 26,67					26,67					26,67
6 0: 7,42					11,31					12,81
6 1: 0,00					1,93					0,56
6 2: 14,15					4,60					3,69
6 3: 0,23					0,17					0,16
6 4: 0,53					0,79					0,72
6 5: 0,00					0,00					0,00
6 6: 4,28					8,24					2,44
6 7: 0,08					0,08					0,02
6 8: 0,37					0,31					0,31
6 9: 1,51					1,80					1,35
6 10: 0,00					0,71					7,08
6 11: 0,23					0,19					0,18
6 12: 2,08					5,82					6,05
6 13: 4,70					5,82					5,69
6 14: 2,18					2,36					1,75
7 0: 32,00					24,00					16,00
7 1: 20,00					24,00					8,00
7 2: 12,00					16,00					16,00
7 3: 0,00					8,00					16,00
7 4: 8,00					8,00					16,00
7 5: 8,00					4,00					4,00
7 6: 8,00					4,00					0,00
7 7: 0,73					0,55					0,63
7 8: 7,50					9,14					12,00
7 9: 0,00					0,00					0,00
7 10: 4,00					4,00					4,00
7 11: 19,45					19,45					19,58
7 12: 0,00					0,00					0,00
8 0: 6,00					0,00					6,00
8 1: 0,00					0,00					6,00
8 2: 0,00					6,00					6,00
8 3: 6,00					6,00					0,00
8 4: 6,00					6,00					6,00
8 5: 6,00					6,00					0,00
8 6: 0,00					0,00					0,00
8 7: 0,00					0,00					0,00
8 8: 24,00					24,00					24,00
8 9: 0,00					0,00					0,00
8 10: 6,00					6,00					6,00
8 11: 25,50					24,00					24,00
8 12: 0,00					0,00					1500,00
9 0: 4,00					4,00					0,00
9 1: 0,00					0,00					4,00
9 2: 4,00					4,00					0,00
9 3: 0,00					0,00					0,00
9 4: 4,00					0,00					4,00
9 5: 0,00					4,00					4,00
9 6: 0,00					0,00					0,00
9 7: 0,25					0,25					0,25
9 8: 2,25					2,25					2,25
9 9: 0,00					0,00					0,00
9 10: 1,00					1,00					1,00
9 11: 5,00					4,67					4,00
9 12: 0,00					0,00					666,67
