Distance: 					27395,07					2854653,22
0 0: 41,25					50,61					31,12
0 1: 1,18					1,23					0,89
0 2: 1,00					1,00					0,50
0 3: 1,00					1,50					0,50
0 4: 0,54					0,55					0,70
0 5: 0,00					0,00					0,17
0 6: 1,48					1,72					1,47
0 7: 5,11					33,95					9,07
0 8: 0,38					0,81					0,62
0 9: 2,00					6,00					2,50
1 0: 30,00					36,80					21,65
1 1: 0,50					0,50					0,50
1 2: 0,50					0,50					0,50
1 3: 0,50					0,50					0,50
1 4: 0,00					0,00					0,00
1 5: 0,00					0,00					0,00
1 6: 0,50					0,50					0,50
1 7: 0,00					0,00					0,00
1 8: 0,00					0,00					0,00
1 9: 0,00					0,00					0,00
2 0: 0,00					7,00					5,00
2 1: 0,00					7,00					9,00
2 2: 0,62					0,80					0,80
2 3: 1,00					0,80					0,83
2 4: 3,00					1,00					1,00
2 5: 0,00					1,00					1,00
2 6: 5,00					7,00					4,00
2 7: 7,00					8,00					8,00
2 8: 6,00					7,00					7,00
2 9: 12,00					12,00					12,00
2 10: 61,82					62,77					63,26
2 11: 3,45					5,50					5,87
2 12: 58,36					57,27					57,39
2 13: 61,82					62,77					63,26
3 0: 0,00					9,00					5,00
3 1: 0,00					6,00					11,00
3 2: 0,67					1,00					1,00
3 3: 1,00					0,75					1,00
3 4: 4,00					0,00					0,00
3 5: 0,00					4,00					0,00
3 6: 3,00					3,00					2,00
3 7: 8,00					7,00					10,00
3 8: 7,00					5,00					8,00
3 9: 14,00					16,00					16,00
3 10: 59,83					68,67					64,00
3 11: 4,83					5,67					6,00
3 12: 55,00					63,00					58,00
3 13: 59,83					68,67					64,00
4 0: 84,00					120,00					144,00
4 1: -24,00					60,00					60,00
4 2: 0,00					36,00					24,00
4 3: 2,86					3,43					2,73
4 4: 12,00					6,00					7,20
4 5: 0,00					0,00					0,00
4 6: 228,57					228,57					0,00
4 7: 5,14					2,29					1,64
4 8: 1,71					2,29					1,09
4 9: 5,71					5,71					5,45
4 10: 0,00					0,00					54,55
4 11: 2,86					0,57					2,18
4 12: 42,86					157,14					163,64
4 13: 40,00					51,43					54,55
4 14: 51,43					62,86					49,09
5 0: 16,00					20,00					36,00
5 1: -16,00					-20,00					-36,00
5 2: 0,00					0,00					0,00
5 3: 1,33					1,33					1,33
5 4: 4,00					4,00					4,00
5 5: 0,00					0,00					0,00
5 6: 0,00					0,00					266,67
5 7: 1,33					0,00					1,33
5 8: 2,67					1,33					0,00
5 9: 0,00					0,00					0,00
5 10: 0,00					0,00					0,00
5 11: 0,00					1,33					0,00
5 12: 0,00					33,33					66,67
5 13: 13,33					0,00					26,67
5 14: 26,67					26,67					13,33
6 0: 7,42					12,69					10,52
6 1: 0,00					0,00					0,00
6 2: 14,15					6,93					7,67
6 3: 0,23					0,18					0,19
6 4: 0,53					0,69					0,68
6 5: 0,00					0,00					0,00
6 6: 4,28					4,01					9,83
6 7: 0,08					0,05					0,07
6 8: 0,37					0,35					0,36
6 9: 1,51					1,67					1,76
6 10: 0,00					5,66					3,98
6 11: 0,23					0,20					0,19
6 12: 2,08					5,71					5,09
6 13: 4,70					3,13					4,52
6 14: 2,18					4,97					3,69
7 0: 32,00					12,00					8,00
7 1: 20,00					16,00					16,00
7 2: 12,00					8,00					8,00
7 3: 0,00					8,00					20,00
7 4: 8,00					20,00					4,00
7 5: 8,00					16,00					24,00
7 6: 8,00					8,00					12,00
7 7: 0,73					0,55					0,52
7 8: 7,50					14,40					15,20
7 9: 0,00					0,00					0,00
7 10: 4,00					0,00					0,00
7 11: 19,45					19,09					19,13
7 12: 0,00					0,00					0,00
8 0: 6,00					0,00					6,00
8 1: 0,00					12,00					6,00
8 2: 0,00					0,00					6,00
8 3: 6,00					6,00					0,00
8 4: 6,00					0,00					6,00
8 5: 6,00					0,00					0,00
8 6: 0,00					6,00					0,00
8 7: 0,00					1,50					0,00
8 8: 24,00					9,00					24,00
8 9: 0,00					0,00					0,00
8 10: 6,00					0,00					6,00
8 11: 25,50					30,00					28,50
8 12: 0,00					0,00					1500,00
9 0: 4,00					0,00					4,00
9 1: 0,00					4,00					0,00
9 2: 4,00					0,00					0,00
9 3: 0,00					4,00					4,00
9 4: 4,00					0,00					4,00
9 5: 0,00					0,00					0,00
9 6: 0,00					4,00					0,00
9 7: 0,25					0,25					0,25
9 8: 2,25					2,25					2,25
9 9: 0,00					0,00					0,00
9 10: 1,00					1,00					1,00
9 11: 5,00					5,67					5,00
9 12: 0,00					0,00					666,67
