Distance: 					458,69					5943,38
0 0: 41,25					41,28					41,28
0 1: 1,18					1,88					1,88
0 2: 1,00					1,00					1,00
0 3: 1,00					4,00					4,00
0 4: 0,11					0,76					0,76
0 5: 0,00					0,00					0,00
0 6: 1,48					1,75					1,75
0 7: 0,26					0,66					0,66
0 8: 0,38					0,00					0,00
0 9: 2,00					0,00					0,00
1 0: 0,00					0,00					0,00
1 1: 0,00					0,00					0,00
1 2: 0,00					0,00					0,00
1 3: 0,00					0,00					0,00
1 4: 0,00					0,00					0,00
1 5: 0,00					0,00					0,00
1 6: 0,00					0,00					0,00
1 7: 0,00					0,00					0,00
1 8: 0,00					0,00					0,00
1 9: 0,00					0,00					0,00
2 0: 0,00					4,00					4,00
2 1: 0,00					4,00					4,00
2 2: 0,62					1,00					1,00
2 3: 1,00					1,00					1,00
2 4: 3,00					0,00					0,00
2 5: 0,00					0,00					0,00
2 6: 5,00					5,00					5,00
2 7: 7,00					7,00					7,00
2 8: 6,00					7,00					7,00
2 9: 12,00					11,00					11,00
2 10: 61,82					67,59					55,59
2 11: 3,45					6,88					6,88
2 12: 58,36					60,71					48,71
2 13: 61,82					60,59					48,59
3 0: 0,00					0,00					11,00
3 1: 0,00					4,00					-1,00
3 2: 0,67					0,67					1,00
3 3: 1,00					1,00					1,00
3 4: 4,00					4,00					0,00
3 5: 0,00					0,00					0,00
3 6: 3,00					2,00					3,00
3 7: 8,00					9,00					7,00
3 8: 7,00					7,00					7,00
3 9: 14,00					15,00					16,00
3 10: 59,83					66,75					65,50
3 11: 4,83					6,75					5,50
3 12: 55,00					60,00					60,00
3 13: 59,83					59,75					58,50
4 0: 14,00					8,00					8,00
4 1: -4,00					-4,00					-4,00
4 2: 0,00					2,00					2,00
4 3: 0,48					0,62					0,62
4 4: 2,00					1,60					1,60
4 5: 0,00					0,00					0,00
4 6: 0,19					0,12					0,12
4 7: 0,86					1,12					1,12
4 8: 0,29					0,38					0,38
4 9: 0,10					0,00					0,00
4 10: 0,00					0,00					0,00
4 11: 0,48					0,38					0,38
4 12: 2,86					1,25					1,25
4 13: 6,67					6,25					6,25
4 14: 8,57					10,00					10,00
5 0: 16,00					16,00					36,00
5 1: -16,00					-16,00					-36,00
5 2: 0,00					4,00					0,00
5 3: 1,33					2,67					1,33
5 4: 4,00					2,00					4,00
5 5: 0,00					4,00					0,00
5 6: 0,00					0,00					0,00
5 7: 1,33					0,00					0,00
5 8: 2,67					4,00					0,00
5 9: 0,00					0,00					0,00
5 10: 0,00					0,00					1,33
5 11: 0,00					0,00					1,33
5 12: 0,00					0,00					26,67
5 13: 13,33					13,33					13,33
5 14: 26,67					26,67					13,33
6 0: 32,00					31,00					64,00
6 1: 0,00					0,00					-21,00
6 2: 52,00					44,00					16,00
6 3: 1,00					0,92					0,72
6 4: 2,42					2,37					3,22
6 5: 0,00					0,00					0,00
6 6: 0,06					0,10					0,11
6 7: 0,29					0,32					0,00
6 8: 1,67					1,64					1,37
6 9: 0,70					0,72					0,85
6 10: 0,00					0,06					0,04
6 11: 1,00					0,92					0,76
6 12: 3,34					3,95					10,22
6 13: 20,65					14,15					6,26
6 14: 9,31					16,62					27,48
7 0: 0,18					0,24					0,24
7 1: 1,88					2,00					2,00
7 2: 0,00					2,00					2,00
7 3: 0,00					0,00					0,00
7 4: 1,00					1,00					1,00
7 5: 4,86					4,65					3,65
7 6: 0,00					0,00					0,00
8 0: 0,00					0,00					1,00
8 1: 16,00					16,00					6,00
8 2: 20,00					20,00					8,00
8 3: 0,00					0,00					0,00
8 4: 4,00					4,00					0,00
8 5: 17,00					17,00					17,00
8 6: 0,00					1,00					1,00
9 0: 0,25					0,25					0,25
9 1: 2,25					2,25					2,25
9 2: 4,00					5,00					6,00
9 3: 0,00					0,00					0,00
9 4: 1,00					1,00					1,00
9 5: 5,00					4,67					4,33
9 6: 0,00					0,00					0,00
