Distance: 					1752,22					12093,66
0 0: 41,25					21,25					21,25
0 1: 1,18					1,88					1,88
0 2: 1,00					1,00					1,00
0 3: 1,00					4,00					4,00
0 4: 0,11					0,76					0,76
0 5: 0,00					0,00					0,00
0 6: 1,48					1,75					1,75
0 7: 0,26					0,66					0,66
0 8: 0,38					0,00					0,00
0 9: 2,00					0,00					0,00
1 0: 0,00					0,00					0,00
1 1: 0,00					0,00					0,00
1 2: 0,00					0,00					0,00
1 3: 0,00					0,00					0,00
1 4: 0,00					0,00					0,00
1 5: 0,00					0,00					0,00
1 6: 0,00					0,00					0,00
1 7: 0,00					0,00					0,00
1 8: 0,00					0,00					0,00
1 9: 0,00					0,00					0,00
2 0: 0,00					3,00					3,00
2 1: 0,00					3,00					3,00
2 2: 0,62					1,00					1,00
2 3: 1,00					1,00					1,00
2 4: 3,00					0,00					0,00
2 5: 0,00					0,00					0,00
2 6: 5,00					5,00					5,00
2 7: 7,00					7,00					7,00
2 8: 6,00					7,00					7,00
2 9: 12,00					10,00					10,00
2 10: 61,82					55,00					79,00
2 11: 3,45					6,29					6,29
2 12: 58,36					48,71					72,71
2 13: 61,82					48,00					72,00
3 0: 0,00					10,00					0,00
3 1: 0,00					-2,00					3,00
3 2: 0,67					0,75					1,00
3 3: 1,00					0,75					1,00
3 4: 4,00					4,00					0,00
3 5: 0,00					4,00					0,00
3 6: 3,00					3,00					4,00
3 7: 8,00					5,00					8,00
3 8: 7,00					5,00					7,00
3 9: 14,00					14,00					12,00
3 10: 59,83					53,25					52,25
3 11: 4,83					5,25					5,25
3 12: 55,00					48,00					47,00
3 13: 59,83					46,25					45,25
4 0: 14,00					6,00					6,00
4 1: -4,00					-4,00					-4,00
4 2: 0,00					2,00					2,00
4 3: 0,48					0,50					0,50
4 4: 2,00					1,50					1,50
4 5: 0,00					0,00					0,00
4 6: 0,19					0,50					0,50
4 7: 0,86					0,62					0,62
4 8: 0,29					0,38					0,38
4 9: 0,10					0,00					0,00
4 10: 0,00					0,00					0,00
4 11: 0,48					0,38					0,38
4 12: 2,86					6,25					6,25
4 13: 6,67					6,25					6,25
4 14: 8,57					10,00					10,00
5 0: 16,00					16,00					8,00
5 1: -16,00					-16,00					-8,00
5 2: 0,00					0,00					4,00
5 3: 1,33					1,33					2,67
5 4: 4,00					4,00					2,00
5 5: 0,00					0,00					4,00
5 6: 0,00					0,00					1,33
5 7: 1,33					0,00					2,67
5 8: 2,67					2,67					0,00
5 9: 0,00					0,00					0,00
5 10: 0,00					0,00					0,00
5 11: 0,00					1,33					0,00
5 12: 0,00					0,00					13,33
5 13: 13,33					0,00					0,00
5 14: 26,67					26,67					40,00
6 0: 32,00					29,00					127,00
6 1: 0,00					0,00					0,00
6 2: 52,00					46,00					24,00
6 3: 1,00					0,83					0,63
6 4: 2,42					2,06					2,67
6 5: 0,00					0,00					0,00
6 6: 0,06					0,24					0,12
6 7: 0,29					0,33					0,00
6 8: 1,67					1,37					1,40
6 9: 0,70					0,70					0,82
6 10: 0,00					0,03					0,03
6 11: 1,00					0,83					0,92
6 12: 3,34					7,75					8,64
6 13: 20,65					16,16					23,30
6 14: 9,31					15,58					10,44
7 0: 0,18					0,24					0,24
7 1: 1,88					2,00					2,00
7 2: 0,00					2,00					2,00
7 3: 0,00					0,00					0,00
7 4: 1,00					1,00					1,00
7 5: 4,86					3,65					5,65
7 6: 0,00					0,00					0,00
8 0: 0,00					1,00					0,00
8 1: 16,00					6,00					16,00
8 2: 20,00					16,00					20,00
8 3: 0,00					0,00					0,00
8 4: 4,00					0,00					4,00
8 5: 17,00					12,00					12,00
8 6: 0,00					0,00					0,00
9 0: 0,25					0,25					0,25
9 1: 2,25					2,25					2,25
9 2: 4,00					6,00					5,00
9 3: 0,00					0,00					0,00
9 4: 1,00					1,00					1,00
9 5: 5,00					3,67					3,67
9 6: 0,00					0,00					0,00
