Distance: 					1390,78					1073665,01
0 0: 41,25					41,62					41,62
0 1: 1,18					0,93					0,93
0 2: 1,00					1,00					1,00
0 3: 1,00					1,00					1,00
0 4: 0,11					0,13					0,13
0 5: 0,00					0,18					0,18
0 6: 1,48					1,58					1,58
0 7: 1,02					4,01					4,01
0 8: 0,38					0,72					0,72
0 9: 2,00					6,00					6,00
1 0: 0,00					0,00					0,00
1 1: 0,00					0,00					0,00
1 2: 0,00					0,00					0,00
1 3: 0,00					0,00					0,00
1 4: 0,00					0,00					0,00
1 5: 0,00					0,00					0,00
1 6: 0,00					0,00					0,00
1 7: 0,00					0,00					0,00
1 8: 0,00					0,00					0,00
1 9: 0,00					0,00					0,00
2 0: 0,00					0,00					0,00
2 1: 0,00					0,00					0,00
2 2: 0,62					0,86					0,86
2 3: 1,00					1,00					1,00
2 4: 3,00					1,00					1,00
2 5: 0,00					0,00					0,00
2 6: 5,00					4,00					4,00
2 7: 7,00					6,00					6,00
2 8: 6,00					6,00					6,00
2 9: 12,00					8,00					8,00
2 10: 61,82					74,41					74,41
2 11: 3,45					2,95					2,95
2 12: 58,36					71,45					71,45
2 13: 61,82					74,41					74,41
3 0: 0,00					2,00					0,00
3 1: 0,00					11,00					9,00
3 2: 0,67					1,00					1,00
3 3: 1,00					1,00					1,00
3 4: 4,00					0,00					0,00
3 5: 0,00					0,00					0,00
3 6: 3,00					4,00					2,00
3 7: 8,00					8,00					10,00
3 8: 7,00					7,00					10,00
3 9: 14,00					12,00					11,00
3 10: 59,83					59,42					58,33
3 11: 4,83					5,42					5,33
3 12: 55,00					54,00					53,00
3 13: 59,83					59,42					58,33
4 0: 84,00					84,00					84,00
4 1: -24,00					-24,00					-24,00
4 2: 0,00					12,00					12,00
4 3: 2,86					3,43					3,43
4 4: 12,00					10,00					10,00
4 5: 0,00					0,00					0,00
4 6: 228,57					228,57					228,57
4 7: 5,14					3,43					3,43
4 8: 1,71					2,86					2,86
4 9: 5,71					11,43					11,43
4 10: 0,00					0,00					0,00
4 11: 2,86					2,86					2,86
4 12: 42,86					42,86					42,86
4 13: 40,00					34,29					34,29
4 14: 51,43					57,14					57,14
5 0: 16,00					16,00					12,00
5 1: -16,00					-16,00					-12,00
5 2: 0,00					0,00					0,00
5 3: 1,33					1,33					1,33
5 4: 4,00					4,00					4,00
5 5: 0,00					0,00					0,00
5 6: 0,00					0,00					266,67
5 7: 1,33					2,67					1,33
5 8: 2,67					1,33					1,33
5 9: 0,00					0,00					0,00
5 10: 0,00					0,00					0,00
5 11: 0,00					0,00					0,00
5 12: 0,00					0,00					33,33
5 13: 13,33					13,33					13,33
5 14: 26,67					26,67					26,67
6 0: 7,42					18,95					19,81
6 1: 0,00					0,52					0,00
6 2: 14,15					4,87					4,87
6 3: 0,23					0,14					0,14
6 4: 0,53					0,71					0,71
6 5: 0,00					0,00					0,00
6 6: 4,28					4,55					6,74
6 7: 0,08					0,02					0,02
6 8: 0,37					0,32					0,33
6 9: 1,51					1,65					1,79
6 10: 0,00					1,83					1,83
6 11: 0,23					0,21					0,20
6 12: 2,08					5,55					5,28
6 13: 4,70					6,43					6,43
6 14: 2,18					1,61					1,61
7 0: 32,00					28,00					28,00
7 1: 20,00					24,00					24,00
7 2: 12,00					16,00					16,00
7 3: 0,00					4,00					4,00
7 4: 8,00					12,00					12,00
7 5: 8,00					0,00					0,00
7 6: 8,00					4,00					4,00
7 7: 0,73					0,73					0,73
7 8: 7,50					9,14					9,14
7 9: 0,00					0,00					0,00
7 10: 4,00					4,00					4,00
7 11: 19,45					23,82					23,82
7 12: 0,00					0,00					0,00
8 0: 4,00					0,00					0,00
8 1: 0,00					0,00					0,00
8 2: 0,00					0,00					0,00
8 3: 4,00					4,00					8,00
8 4: 4,00					4,00					4,00
8 5: 4,00					4,00					4,00
8 6: 0,00					4,00					0,00
8 7: 0,00					0,00					0,00
8 8: 16,00					16,00					16,00
8 9: 0,00					0,00					0,00
8 10: 4,00					4,00					0,00
8 11: 17,00					16,00					16,00
8 12: 0,00					0,00					1000,00
9 0: 0,00					0,00					0,00
9 1: 0,00					0,00					0,00
9 2: 0,00					0,00					0,00
9 3: 0,00					0,00					0,00
9 4: 0,00					0,00					0,00
9 5: 0,00					0,00					0,00
9 6: 0,00					0,00					0,00
9 7: 0,00					0,00					0,00
9 8: 0,00					0,00					0,00
9 9: 0,00					0,00					0,00
9 10: 0,00					0,00					0,00
9 11: 0,00					0,00					0,00
9 12: 0,00					0,00					0,00
