Distance: 					196752,66					409499,75
0 0: 18,75					18,70					43,13
0 1: 1,61					1,09					1,09
0 2: 1,00					1,00					1,00
0 3: 3,12					3,00					3,00
0 4: 0,45					0,08					0,08
0 5: 0,00					0,00					0,00
0 6: 1,50					2,45					2,45
0 7: 1,57					7,31					7,31
0 8: 0,00					1,06					1,06
0 9: 0,00					7,00					7,00
1 0: 0,00					4,00					4,00
1 1: 0,00					-8,00					-8,00
1 2: 0,80					0,71					0,71
1 3: 0,80					0,71					0,71
1 4: 1,00					2,00					2,00
1 5: 1,00					2,00					2,00
1 6: 3,00					3,00					3,00
1 7: 5,00					8,00					8,00
1 8: 5,00					6,00					6,00
1 9: 6,00					15,00					15,00
1 10: 62,80					73,74					73,57
1 11: 2,80					4,35					4,17
1 12: 60,00					69,39					69,39
1 13: 58,80					64,74					64,57
2 0: 4,00					7,00					0,00
2 1: 4,00					-8,00					0,00
2 2: 0,50					0,83					1,00
2 3: 0,60					0,88					1,00
2 4: 4,00					1,00					0,00
2 5: 4,00					1,00					0,00
2 6: 7,00					5,00					5,00
2 7: 11,00					13,00					12,00
2 8: 7,00					7,00					7,00
2 9: 17,00					20,00					21,00
2 10: 53,85					77,56					67,31
2 11: 6,45					5,19					5,44
2 12: 47,40					72,38					61,88
2 13: 49,85					68,56					58,31
3 0: 36,00					84,00					84,00
3 1: 24,00					-24,00					-24,00
3 2: 0,00					12,00					24,00
3 3: 2,57					2,18					2,73
3 4: 12,00					9,00					7,20
3 5: 0,00					0,00					0,00
3 6: 857,14					545,45					327,27
3 7: 5,14					2,73					3,82
3 8: 1,71					3,82					3,82
3 9: 0,00					5,45					5,45
3 10: 0,00					0,00					0,00
3 11: 0,86					0,55					0,55
3 12: 107,14					109,09					81,82
3 13: 51,43					49,09					49,09
3 14: 60,00					65,45					65,45
4 0: 8,00					20,00					28,00
4 1: -8,00					0,00					-20,00
4 2: 4,00					4,00					0,00
4 3: 2,67					1,71					1,14
4 4: 2,00					2,67					4,00
4 5: 4,00					4,00					0,00
4 6: 266,67					228,57					114,29
4 7: 2,67					0,00					1,14
4 8: 0,00					0,57					0,00
4 9: 0,00					0,00					5,71
4 10: 0,00					0,00					0,00
4 11: 0,00					1,71					0,00
4 12: 33,33					42,86					57,14
4 13: 0,00					11,43					28,57
4 14: 40,00					11,43					11,43
5 0: 18,59					107,65					113,93
5 1: 2,97					21,48					75,69
5 2: 2,84					3,98					2,46
5 3: 0,17					1,30					1,34
5 4: 0,84					6,22					7,15
5 5: 0,00					0,00					0,00
5 6: 2,91					48,41					34,23
5 7: 0,03					0,30					0,36
5 8: 0,12					2,62					2,24
5 9: 1,60					9,51					10,72
5 10: 1,63					34,50					0,00
5 11: 0,31					1,25					1,43
5 12: 10,27					65,94					66,40
5 13: 6,56					43,33					65,84
5 14: 2,01					28,69					7,30
6 0: 20,00					12,00					12,00
6 1: 4,00					8,00					8,00
6 2: 0,00					28,00					28,00
6 3: 0,00					16,00					16,00
6 4: 4,00					20,00					20,00
6 5: 16,00					8,00					8,00
6 6: 16,00					0,00					0,00
6 7: 0,53					0,52					0,52
6 8: 8,80					12,00					12,00
6 9: 0,00					0,00					0,00
6 10: 4,00					0,00					0,00
6 11: 17,60					20,00					20,00
6 12: 266,67					0,00					0,00
7 0: 0,00					8,00					8,00
7 1: 0,00					0,00					0,00
7 2: 4,00					12,00					4,00
7 3: 4,00					4,00					8,00
7 4: 4,00					4,00					8,00
7 5: 4,00					0,00					4,00
7 6: 0,00					4,00					0,00
7 7: 0,00					1,00					0,50
7 8: 16,00					8,00					14,00
7 9: 0,00					0,00					0,00
7 10: 4,00					0,00					4,00
7 11: 16,00					23,50					20,00
7 12: 0,00					0,00					0,00
