Distance: 					100202,44					1456316,09
0 0: 21,25					41,82					16,51
0 1: 1,88					1,68					1,50
0 2: 1,00					0,50					1,00
0 3: 4,00					2,50					1,50
0 4: 0,76					0,47					0,43
0 5: 0,00					0,00					0,00
0 6: 1,75					2,50					2,21
0 7: 2,62					5,33					11,19
0 8: 0,00					0,59					0,75
0 9: 0,00					3,00					5,00
1 0: 0,00					0,00					0,00
1 1: 0,00					0,00					0,00
1 2: 0,00					0,00					0,00
1 3: 0,00					0,00					0,00
1 4: 0,00					0,00					0,00
1 5: 0,00					0,00					0,00
1 6: 0,00					0,00					0,00
1 7: 0,00					0,00					0,00
1 8: 0,00					0,00					0,00
1 9: 0,00					0,00					0,00
2 0: 3,00					0,00					0,00
2 1: 3,00					0,00					0,00
2 2: 1,00					0,80					0,80
2 3: 1,00					0,57					0,22
2 4: 0,00					1,00					1,00
2 5: 0,00					3,00					7,00
2 6: 5,00					5,00					6,00
2 7: 7,00					6,00					6,00
2 8: 7,00					5,00					5,00
2 9: 10,00					18,00					15,00
2 10: 67,00					64,47					63,94
2 11: 6,29					5,18					6,76
2 12: 60,71					59,29					57,18
2 13: 60,00					57,47					56,94
3 0: 0,00					7,00					3,00
3 1: 3,00					-5,00					3,00
3 2: 1,00					0,67					0,50
3 3: 1,00					0,67					1,00
3 4: 0,00					4,00					4,00
3 5: 0,00					4,00					0,00
3 6: 4,00					3,00					1,00
3 7: 8,00					8,00					11,00
3 8: 7,00					7,00					8,00
3 9: 12,00					14,00					19,00
3 10: 52,25					49,83					49,17
3 11: 5,25					5,83					5,17
3 12: 47,00					44,00					44,00
3 13: 45,25					42,83					42,17
4 0: 36,00					144,00					180,00
4 1: -24,00					84,00					-36,00
4 2: 12,00					0,00					0,00
4 3: 3,00					1,50					1,50
4 4: 9,00					12,00					12,00
4 5: 0,00					0,00					0,00
4 6: 600,00					600,00					0,00
4 7: 3,75					0,75					1,50
4 8: 2,25					1,50					3,00
4 9: 0,00					22,50					0,00
4 10: 0,00					0,00					0,00
4 11: 2,25					2,25					3,00
4 12: 93,75					131,25					112,50
4 13: 37,50					60,00					45,00
4 14: 60,00					45,00					60,00
5 0: 8,00					16,00					28,00
5 1: -8,00					-16,00					-28,00
5 2: 4,00					0,00					0,00
5 3: 2,67					1,33					1,33
5 4: 2,00					4,00					4,00
5 5: 4,00					0,00					0,00
5 6: 266,67					0,00					0,00
5 7: 2,67					1,33					0,00
5 8: 0,00					2,67					0,00
5 9: 0,00					0,00					13,33
5 10: 0,00					0,00					0,00
5 11: 0,00					0,00					0,00
5 12: 33,33					0,00					66,67
5 13: 0,00					13,33					13,33
5 14: 40,00					26,67					26,67
6 0: 16,53					17,50					14,24
6 1: 0,00					0,00					-0,56
6 2: 6,03					4,86					5,15
6 3: 0,13					0,14					0,18
6 4: 0,52					0,60					0,63
6 5: 0,00					0,00					0,00
6 6: 6,94					7,43					3,35
6 7: 0,01					0,00					0,02
6 8: 0,29					0,30					0,35
6 9: 1,62					1,70					1,44
6 10: 0,44					0,54					3,86
6 11: 0,19					0,21					0,21
6 12: 4,70					4,26					4,73
6 13: 4,67					4,74					3,97
6 14: 2,38					2,31					3,35
7 0: 16,00					28,00					36,00
7 1: 8,00					0,00					8,00
7 2: 16,00					0,00					8,00
7 3: 4,00					4,00					0,00
7 4: 4,00					8,00					8,00
7 5: 12,00					16,00					0,00
7 6: 8,00					12,00					8,00
7 7: 0,94					0,94					0,47
7 8: 8,00					10,40					14,00
7 9: 0,00					0,00					0,00
7 10: 4,00					4,00					4,00
7 11: 18,59					17,41					18,12
7 12: 0,00					0,00					0,00
8 0: 0,00					4,00					4,00
8 1: 0,00					4,00					4,00
8 2: 4,00					4,00					0,00
8 3: 4,00					0,00					0,00
8 4: 4,00					4,00					0,00
8 5: 4,00					0,00					0,00
8 6: 0,00					0,00					8,00
8 7: 0,00					0,00					0,00
8 8: 16,00					16,00					16,00
8 9: 0,00					0,00					0,00
8 10: 4,00					4,00					0,00
8 11: 12,00					12,00					11,00
8 12: 0,00					0,00					1000,00
9 0: 0,00					0,00					0,00
9 1: 0,00					0,00					0,00
9 2: 0,00					0,00					0,00
9 3: 0,00					0,00					0,00
9 4: 0,00					0,00					0,00
9 5: 0,00					0,00					0,00
9 6: 0,00					0,00					0,00
9 7: 0,00					0,00					0,00
9 8: 0,00					0,00					0,00
9 9: 0,00					0,00					0,00
9 10: 0,00					0,00					0,00
9 11: 0,00					0,00					0,00
9 12: 0,00					0,00					0,00
