Distance: 					5718,90					1107493,47
0 0: 41,25					41,78					44,09
0 1: 1,18					1,00					1,00
0 2: 1,00					0,50					0,50
0 3: 1,00					2,00					2,00
0 4: 0,11					0,22					0,22
0 5: 0,00					0,36					0,36
0 6: 1,48					1,64					1,64
0 7: 1,02					1,16					1,16
0 8: 0,38					0,59					0,59
0 9: 2,00					2,00					2,50
1 0: 0,00					0,00					0,00
1 1: 0,00					0,00					0,00
1 2: 0,00					0,00					0,00
1 3: 0,00					0,00					0,00
1 4: 0,00					0,00					0,00
1 5: 0,00					0,00					0,00
1 6: 0,00					0,00					0,00
1 7: 0,00					0,00					0,00
1 8: 0,00					0,00					0,00
1 9: 0,00					0,00					0,00
2 0: 0,00					0,00					7,00
2 1: 0,00					9,00					8,00
2 2: 0,62					1,00					0,75
2 3: 1,00					1,00					0,80
2 4: 3,00					0,00					1,00
2 5: 0,00					0,00					1,00
2 6: 5,00					6,00					7,00
2 7: 7,00					10,00					10,00
2 8: 6,00					6,00					7,00
2 9: 12,00					17,00					18,00
2 10: 61,82					62,09					61,95
2 11: 3,45					5,36					5,23
2 12: 58,36					56,73					56,73
2 13: 61,82					62,09					61,95
3 0: 0,00					7,00					10,00
3 1: 0,00					7,00					10,00
3 2: 0,67					0,67					1,00
3 3: 1,00					0,67					1,00
3 4: 4,00					4,00					0,00
3 5: 0,00					4,00					0,00
3 6: 3,00					3,00					2,00
3 7: 8,00					8,00					10,00
3 8: 7,00					7,00					9,00
3 9: 14,00					14,00					12,00
3 10: 59,83					67,58					78,75
3 11: 4,83					5,58					5,75
3 12: 55,00					62,00					73,00
3 13: 59,83					67,58					78,75
4 0: 84,00					144,00					144,00
4 1: -24,00					-24,00					0,00
4 2: 0,00					12,00					36,00
4 3: 2,86					2,29					2,86
4 4: 12,00					9,00					4,80
4 5: 0,00					0,00					0,00
4 6: 228,57					228,57					228,57
4 7: 5,14					2,86					0,00
4 8: 1,71					2,29					2,29
4 9: 5,71					22,86					0,00
4 10: 0,00					0,00					114,29
4 11: 2,86					2,29					4,00
4 12: 42,86					57,14					142,86
4 13: 40,00					51,43					51,43
4 14: 51,43					51,43					40,00
5 0: 16,00					16,00					20,00
5 1: -16,00					-16,00					-20,00
5 2: 0,00					0,00					0,00
5 3: 1,33					1,33					1,33
5 4: 4,00					4,00					4,00
5 5: 0,00					0,00					0,00
5 6: 0,00					0,00					266,67
5 7: 1,33					1,33					0,00
5 8: 2,67					2,67					1,33
5 9: 0,00					0,00					0,00
5 10: 0,00					0,00					0,00
5 11: 0,00					0,00					0,00
5 12: 0,00					0,00					66,67
5 13: 13,33					13,33					13,33
5 14: 26,67					26,67					26,67
6 0: 7,42					14,98					24,17
6 1: 0,00					0,00					0,73
6 2: 14,15					7,27					4,72
6 3: 0,23					0,16					0,14
6 4: 0,53					0,63					0,70
6 5: 0,00					0,00					0,00
6 6: 4,28					3,34					10,17
6 7: 0,08					0,05					0,00
6 8: 0,37					0,31					0,29
6 9: 1,51					1,68					1,29
6 10: 0,00					0,60					9,92
6 11: 0,23					0,22					0,19
6 12: 2,08					5,08					8,56
6 13: 4,70					3,53					2,53
6 14: 2,18					4,37					5,61
7 0: 32,00					20,00					12,00
7 1: 20,00					12,00					16,00
7 2: 12,00					0,00					4,00
7 3: 0,00					8,00					8,00
7 4: 8,00					20,00					16,00
7 5: 8,00					20,00					20,00
7 6: 8,00					8,00					12,00
7 7: 0,73					0,73					1,09
7 8: 7,50					14,40					9,14
7 9: 0,00					0,00					0,00
7 10: 4,00					4,00					0,00
7 11: 19,45					18,91					18,91
7 12: 0,00					0,00					0,00
8 0: 4,00					4,00					0,00
8 1: 0,00					0,00					8,00
8 2: 0,00					4,00					4,00
8 3: 4,00					4,00					0,00
8 4: 4,00					4,00					4,00
8 5: 4,00					0,00					0,00
8 6: 0,00					0,00					0,00
8 7: 0,00					0,00					0,00
8 8: 16,00					16,00					16,00
8 9: 0,00					0,00					0,00
8 10: 4,00					4,00					0,00
8 11: 17,00					20,00					24,00
8 12: 0,00					0,00					1000,00
9 0: 0,00					0,00					0,00
9 1: 0,00					0,00					0,00
9 2: 0,00					0,00					0,00
9 3: 0,00					0,00					0,00
9 4: 0,00					0,00					0,00
9 5: 0,00					0,00					0,00
9 6: 0,00					0,00					0,00
9 7: 0,00					0,00					0,00
9 8: 0,00					0,00					0,00
9 9: 0,00					0,00					0,00
9 10: 0,00					0,00					0,00
9 11: 0,00					0,00					0,00
9 12: 0,00					0,00					0,00
