Distance: 					27778,28					1279057,15
0 0: 41,25					61,44					35,07
0 1: 1,18					0,91					1,02
0 2: 1,00					0,50					0,00
0 3: 1,00					1,50					2,00
0 4: 0,11					0,17					0,22
0 5: 0,00					0,09					0,27
0 6: 1,48					1,43					1,56
0 7: 1,02					3,41					2,72
0 8: 0,38					0,62					0,53
0 9: 2,00					4,00					2,00
1 0: 0,00					0,00					0,00
1 1: 0,00					0,00					0,00
1 2: 0,00					0,00					0,00
1 3: 0,00					0,00					0,00
1 4: 0,00					0,00					0,00
1 5: 0,00					0,00					0,00
1 6: 0,00					0,00					0,00
1 7: 0,00					0,00					0,00
1 8: 0,00					0,00					0,00
1 9: 0,00					0,00					0,00
2 0: 0,00					2,00					7,00
2 1: 0,00					2,00					7,00
2 2: 0,62					0,67					0,60
2 3: 1,00					0,57					0,50
2 4: 3,00					2,00					2,00
2 5: 0,00					3,00					3,00
2 6: 5,00					6,00					6,00
2 7: 7,00					9,00					12,00
2 8: 6,00					5,00					10,00
2 9: 12,00					22,00					14,00
2 10: 61,82					63,36					62,91
2 11: 3,45					5,00					6,18
2 12: 58,36					58,36					56,73
2 13: 61,82					63,36					62,91
3 0: 0,00					7,00					7,00
3 1: 0,00					7,00					0,00
3 2: 0,67					1,00					1,00
3 3: 1,00					1,00					1,00
3 4: 4,00					0,00					0,00
3 5: 0,00					0,00					0,00
3 6: 3,00					3,00					3,00
3 7: 8,00					9,00					9,00
3 8: 7,00					6,00					7,00
3 9: 14,00					19,00					29,00
3 10: 59,83					57,25					49,50
3 11: 4,83					4,25					4,50
3 12: 55,00					53,00					45,00
3 13: 59,83					57,25					49,50
4 0: 84,00					120,00					132,00
4 1: -24,00					0,00					120,00
4 2: 0,00					12,00					0,00
4 3: 2,86					2,29					1,14
4 4: 12,00					9,00					12,00
4 5: 0,00					0,00					0,00
4 6: 228,57					114,29					228,57
4 7: 5,14					1,71					1,14
4 8: 1,71					1,71					1,14
4 9: 5,71					22,86					11,43
4 10: 0,00					0,00					114,29
4 11: 2,86					2,29					0,57
4 12: 42,86					100,00					200,00
4 13: 40,00					51,43					57,14
4 14: 51,43					45,71					57,14
5 0: 16,00					48,00					68,00
5 1: -16,00					48,00					-24,00
5 2: 0,00					0,00					0,00
5 3: 1,33					1,33					1,33
5 4: 4,00					4,00					4,00
5 5: 0,00					0,00					0,00
5 6: 0,00					0,00					0,00
5 7: 1,33					0,00					0,00
5 8: 2,67					0,00					0,00
5 9: 0,00					0,00					0,00
5 10: 0,00					0,00					133,33
5 11: 0,00					2,67					1,33
5 12: 0,00					33,33					66,67
5 13: 13,33					13,33					0,00
5 14: 26,67					26,67					26,67
6 0: 7,42					15,56					21,15
6 1: 0,00					2,03					0,00
6 2: 14,15					3,70					4,83
6 3: 0,23					0,18					0,13
6 4: 0,53					0,81					0,68
6 5: 0,00					0,00					0,00
6 6: 4,28					4,50					8,58
6 7: 0,08					0,09					0,03
6 8: 0,37					0,32					0,28
6 9: 1,51					1,52					1,43
6 10: 0,00					2,85					4,69
6 11: 0,23					0,19					0,17
6 12: 2,08					6,22					7,61
6 13: 4,70					5,49					6,04
6 14: 2,18					2,78					1,95
7 0: 32,00					0,00					12,00
7 1: 20,00					28,00					8,00
7 2: 12,00					12,00					4,00
7 3: 0,00					16,00					12,00
7 4: 8,00					16,00					28,00
7 5: 8,00					16,00					16,00
7 6: 8,00					0,00					8,00
7 7: 0,73					0,73					0,55
7 8: 7,50					11,33					14,40
7 9: 0,00					0,00					0,00
7 10: 4,00					0,00					0,00
7 11: 19,45					19,45					18,91
7 12: 0,00					0,00					1090,91
8 0: 4,00					12,00					8,00
8 1: 0,00					0,00					0,00
8 2: 0,00					0,00					0,00
8 3: 4,00					0,00					4,00
8 4: 4,00					0,00					0,00
8 5: 4,00					0,00					0,00
8 6: 0,00					4,00					4,00
8 7: 0,00					1,00					1,00
8 8: 16,00					6,00					6,00
8 9: 0,00					0,00					0,00
8 10: 4,00					4,00					4,00
8 11: 17,00					17,00					14,00
8 12: 0,00					0,00					0,00
9 0: 0,00					0,00					0,00
9 1: 0,00					0,00					0,00
9 2: 0,00					0,00					0,00
9 3: 0,00					0,00					0,00
9 4: 0,00					0,00					0,00
9 5: 0,00					0,00					0,00
9 6: 0,00					0,00					0,00
9 7: 0,00					0,00					0,00
9 8: 0,00					0,00					0,00
9 9: 0,00					0,00					0,00
9 10: 0,00					0,00					0,00
9 11: 0,00					0,00					0,00
9 12: 0,00					0,00					0,00
