Distance: 					1444,17					312788,95
0 0: 41,25					41,26					41,26
0 1: 1,18					0,82					0,80
0 2: 1,00					0,50					0,50
0 3: 1,00					2,00					1,50
0 4: 0,11					0,15					0,13
0 5: 0,00					0,27					0,27
0 6: 1,48					1,48					1,52
0 7: 1,02					1,57					1,47
0 8: 0,38					0,84					0,91
0 9: 2,00					2,50					2,50
1 0: 0,00					0,00					0,00
1 1: 0,00					0,00					0,00
1 2: 0,00					0,00					0,00
1 3: 0,00					0,00					0,00
1 4: 0,00					0,00					0,00
1 5: 0,00					0,00					0,00
1 6: 0,00					0,00					0,00
1 7: 0,00					0,00					0,00
1 8: 0,00					0,00					0,00
1 9: 0,00					0,00					0,00
2 0: 0,00					0,00					5,00
2 1: 0,00					0,00					9,00
2 2: 0,62					0,75					1,00
2 3: 1,00					1,00					0,60
2 4: 3,00					1,00					0,00
2 5: 0,00					0,00					2,00
2 6: 5,00					8,00					7,00
2 7: 7,00					11,00					11,00
2 8: 6,00					7,00					7,00
2 9: 12,00					19,00					19,00
2 10: 61,82					61,91					62,45
2 11: 3,45					4,09					5,73
2 12: 58,36					57,82					56,73
2 13: 61,82					61,91					62,45
3 0: 0,00					0,00					0,00
3 1: 0,00					8,00					9,00
3 2: 0,67					1,00					1,00
3 3: 1,00					1,00					1,00
3 4: 4,00					0,00					0,00
3 5: 0,00					0,00					0,00
3 6: 3,00					3,00					3,00
3 7: 8,00					7,00					7,00
3 8: 7,00					6,00					6,00
3 9: 14,00					12,00					12,00
3 10: 59,83					59,25					71,58
3 11: 4,83					4,25					4,58
3 12: 55,00					55,00					67,00
3 13: 59,83					59,25					71,58
4 0: 84,00					96,00					144,00
4 1: -24,00					-24,00					-48,00
4 2: 0,00					0,00					0,00
4 3: 2,86					1,71					1,71
4 4: 12,00					12,00					12,00
4 5: 0,00					0,00					0,00
4 6: 228,57					228,57					114,29
4 7: 5,14					2,29					3,43
4 8: 1,71					4,00					3,43
4 9: 5,71					17,14					11,43
4 10: 0,00					0,00					57,14
4 11: 2,86					1,71					1,14
4 12: 42,86					57,14					71,43
4 13: 40,00					51,43					57,14
4 14: 51,43					51,43					57,14
5 0: 16,00					12,00					16,00
5 1: -16,00					-12,00					-16,00
5 2: 0,00					0,00					0,00
5 3: 1,33					1,33					1,33
5 4: 4,00					4,00					4,00
5 5: 0,00					0,00					0,00
5 6: 0,00					0,00					533,33
5 7: 1,33					2,67					0,00
5 8: 2,67					1,33					1,33
5 9: 0,00					0,00					0,00
5 10: 0,00					0,00					0,00
5 11: 0,00					0,00					0,00
5 12: 0,00					0,00					66,67
5 13: 13,33					13,33					13,33
5 14: 26,67					26,67					26,67
6 0: 7,42					13,68					17,42
6 1: 0,00					0,00					-0,37
6 2: 14,15					9,68					5,47
6 3: 0,23					0,19					0,16
6 4: 0,53					0,62					0,70
6 5: 0,00					0,00					0,00
6 6: 4,28					4,85					5,16
6 7: 0,08					0,03					0,03
6 8: 0,37					0,37					0,30
6 9: 1,51					1,94					1,23
6 10: 0,00					1,43					7,31
6 11: 0,23					0,22					0,19
6 12: 2,08					3,61					7,66
6 13: 4,70					4,69					3,01
6 14: 2,18					2,86					4,96
7 0: 32,00					20,00					8,00
7 1: 20,00					16,00					12,00
7 2: 12,00					8,00					12,00
7 3: 0,00					8,00					12,00
7 4: 8,00					12,00					12,00
7 5: 8,00					16,00					20,00
7 6: 8,00					8,00					12,00
7 7: 0,73					0,73					0,73
7 8: 7,50					14,40					14,40
7 9: 0,00					0,00					0,00
7 10: 4,00					4,00					0,00
7 11: 19,45					19,27					18,91
7 12: 0,00					0,00					0,00
8 0: 4,00					0,00					0,00
8 1: 0,00					0,00					0,00
8 2: 0,00					0,00					0,00
8 3: 4,00					4,00					4,00
8 4: 4,00					0,00					0,00
8 5: 4,00					8,00					8,00
8 6: 0,00					4,00					4,00
8 7: 0,00					1,00					1,00
8 8: 16,00					6,00					6,00
8 9: 0,00					0,00					0,00
8 10: 4,00					0,00					0,00
8 11: 17,00					16,00					20,00
8 12: 0,00					0,00					0,00
9 0: 0,00					0,00					0,00
9 1: 0,00					0,00					0,00
9 2: 0,00					0,00					0,00
9 3: 0,00					0,00					0,00
9 4: 0,00					0,00					0,00
9 5: 0,00					0,00					0,00
9 6: 0,00					0,00					0,00
9 7: 0,00					0,00					0,00
9 8: 0,00					0,00					0,00
9 9: 0,00					0,00					0,00
9 10: 0,00					0,00					0,00
9 11: 0,00					0,00					0,00
9 12: 0,00					0,00					0,00
