Distance: 					981,29					1137,00
0 0: 9,38					12,57					21,56
0 1: 0,80					0,58					0,58
0 2: 0,50					0,97					0,97
0 3: 1,56					0,97					0,97
0 4: 0,22					0,24					0,24
0 5: 0,00					0,00					0,00
0 6: 0,75					0,68					0,68
0 7: 0,20					0,23					0,23
0 8: 0,00					0,17					0,17
0 9: 0,00					0,50					0,50
1 0: 0,00					7,00					7,00
1 1: 0,00					7,00					7,00
1 2: 0,80					1,00					1,00
1 3: 0,80					1,00					1,00
1 4: 1,00					0,00					0,00
1 5: 1,00					0,00					0,00
1 6: 3,00					4,00					4,00
1 7: 5,00					8,00					8,00
1 8: 5,00					6,00					6,00
1 9: 6,00					14,00					13,00
1 10: 62,80					76,52					76,96
1 11: 2,80					4,52					4,96
1 12: 60,00					72,00					72,00
1 13: 58,80					76,52					76,96
2 0: 3,00					5,00					5,00
2 1: 2,00					-4,00					-3,00
2 2: 0,00					0,00					0,00
2 3: 0,21					0,18					0,18
2 4: 1,00					1,00					1,00
2 5: 0,00					0,00					0,00
2 6: 0,36					0,27					0,05
2 7: 0,43					0,05					0,32
2 8: 0,14					0,32					0,32
2 9: 0,00					0,00					0,00
2 10: 0,00					0,00					0,00
2 11: 0,00					0,00					0,00
2 12: 0,43					0,64					0,36
2 13: 0,43					0,45					0,45
2 14: 0,50					0,41					0,41
3 0: 2,00					5,00					5,00
3 1: -2,00					5,00					5,00
3 2: 1,00					0,00					0,00
3 3: 0,67					0,33					0,33
3 4: 0,50					1,00					1,00
3 5: 1,00					0,00					0,00
3 6: 0,33					0,33					0,00
3 7: 0,67					0,00					0,33
3 8: 0,00					0,33					0,33
3 9: 0,00					0,00					0,00
3 10: 0,00					0,00					0,00
3 11: 0,00					0,00					0,00
3 12: 0,33					0,67					0,33
3 13: 0,00					0,67					0,67
3 14: 1,00					0,33					0,33
4 0: 18,00					17,75					18,00
4 1: 3,00					3,75					3,00
4 2: 2,25					6,50					8,00
4 3: 0,17					0,19					0,18
4 4: 0,84					0,76					0,67
4 5: 0,00					0,00					0,00
4 6: 0,00					0,01					0,01
4 7: 0,01					0,00					0,00
4 8: 0,11					0,34					0,34
4 9: 0,16					0,13					0,18
4 10: 0,02					0,06					0,00
4 11: 0,00					0,00					0,00
4 12: 0,72					0,53					0,48
4 13: 0,66					0,69					0,69
4 14: 0,17					0,15					0,15
5 0: 0,13					0,17					0,17
5 1: 2,20					3,00					3,00
5 2: 0,00					4,00					4,00
5 3: 0,00					0,00					0,00
5 4: 1,00					1,00					1,00
5 5: 4,40					6,00					6,00
5 6: 0,07					0,00					0,00
6 0: 0,00					0,00					0,00
6 1: 4,00					4,00					4,00
6 2: 5,00					4,00					4,00
6 3: 0,00					0,00					0,00
6 4: 1,00					1,00					1,00
6 5: 4,00					5,00					5,00
6 6: 0,00					0,00					0,00
7 0: 0,20					0,25					0,25
7 1: 2,67					2,25					2,25
7 2: 5,00					4,00					4,00
7 3: 0,00					0,00					0,00
7 4: 0,00					1,00					1,00
7 5: 3,80					5,00					5,00
7 6: 0,00					0,00					0,00
