Distance: 					304,41					213828,74
0 0: 82,50					82,51					82,51
0 1: 2,36					1,59					1,59
0 2: 4,00					1,00					1,00
0 3: 4,00					3,00					3,00
0 4: 0,99					0,24					0,24
0 5: 0,00					0,36					0,36
0 6: 2,86					2,85					2,85
0 7: 3,65					3,43					3,43
0 8: 0,75					1,56					1,56
0 9: 2,00					5,00					5,00
1 0: 0,00					0,00					0,00
1 1: 0,00					0,00					0,00
1 2: 0,00					0,00					0,00
1 3: 0,00					0,00					0,00
1 4: 0,00					0,00					0,00
1 5: 0,00					0,00					0,00
1 6: 0,00					0,00					0,00
1 7: 0,00					0,00					0,00
1 8: 0,00					0,00					0,00
1 9: 0,00					0,00					0,00
2 0: 7,00					10,00					10,00
2 1: 7,00					5,00					5,00
2 2: 0,57					0,67					0,67
2 3: 0,57					0,86					0,75
2 4: 3,00					2,00					2,00
2 5: 3,00					1,00					2,00
2 6: 6,00					5,00					5,00
2 7: 7,00					8,00					8,00
2 8: 6,00					6,00					7,00
2 9: 12,00					14,00					13,00
2 10: 69,50					70,50					70,23
2 11: 5,14					6,14					6,41
2 12: 64,36					64,36					63,82
2 13: 69,50					70,50					70,23
3 0: 7,00					7,00					0,00
3 1: 7,00					7,00					9,00
3 2: 0,75					0,75					1,00
3 3: 0,75					0,75					1,00
3 4: 2,00					2,00					0,00
3 5: 2,00					2,00					0,00
3 6: 5,00					5,00					4,00
3 7: 8,00					8,00					7,00
3 8: 7,00					7,00					6,00
3 9: 14,00					14,00					12,00
3 10: 67,62					68,06					69,12
3 11: 6,12					5,06					4,62
3 12: 61,50					63,00					64,50
3 13: 67,62					68,06					69,12
4 0: 112,00					112,00					192,00
4 1: -32,00					-32,00					-80,00
4 2: 32,00					32,00					16,00
4 3: 3,81					3,81					3,05
4 4: 9,60					9,60					12,00
4 5: 0,00					0,00					0,00
4 6: 0,00					0,00					228,57
4 7: 6,10					5,33					0,00
4 8: 3,81					3,05					3,05
4 9: 0,76					2,29					0,76
4 10: 0,00					0,00					0,00
4 11: 2,29					2,29					1,52
4 12: 152,38					152,38					533,33
4 13: 68,57					60,95					68,57
4 14: 68,57					76,19					83,81
5 0: 40,00					40,00					40,00
5 1: 40,00					40,00					-40,00
5 2: 0,00					0,00					0,00
5 3: 2,67					2,67					2,67
5 4: 8,00					8,00					8,00
5 5: 0,00					0,00					0,00
5 6: 0,00					0,00					0,00
5 7: 2,67					2,67					2,67
5 8: 2,67					2,67					2,67
5 9: 0,00					0,00					0,00
5 10: 0,00					0,00					0,00
5 11: 0,00					0,00					0,00
5 12: 133,33					133,33					133,33
5 13: 53,33					53,33					53,33
5 14: 26,67					26,67					26,67
6 0: 15,23					13,40					14,45
6 1: 2,96					0,93					0,00
6 2: 2,91					4,22					2,58
6 3: 0,26					0,26					0,26
6 4: 1,14					1,01					1,09
6 5: 0,00					0,00					0,00
6 6: 0,00					1,85					3,12
6 7: 0,09					0,10					0,02
6 8: 0,44					0,43					0,48
6 9: 0,28					0,22					0,20
6 10: 0,00					0,26					0,26
6 11: 0,29					0,26					0,30
6 12: 9,55					14,20					14,81
6 13: 6,57					6,75					6,05
6 14: 3,77					3,74					4,23
7 0: 0,73					0,73					0,73
7 1: 11,33					11,33					11,33
7 2: 16,00					12,00					12,00
7 3: 0,00					0,00					0,00
7 4: 0,00					0,00					0,00
7 5: 21,45					21,45					21,27
7 6: 0,00					9,09					9,09
8 0: 0,00					0,00					2,00
8 1: 32,00					32,00					12,00
8 2: 32,00					32,00					24,00
8 3: 0,00					0,00					0,00
8 4: 8,00					8,00					0,00
8 5: 40,00					40,00					40,00
8 6: 0,00					0,00					0,00
9 0: 0,12					0,12					0,12
9 1: 2,00					2,00					2,00
9 2: 4,00					4,00					0,00
9 3: 0,00					0,00					0,00
9 4: 0,00					0,00					1,00
9 5: 5,00					5,00					5,50
9 6: 0,00					0,00					0,00
