Distance: 					5427,53					80854,58
0 0: 82,50					79,43					82,76
0 1: 2,36					1,64					1,55
0 2: 4,00					2,00					1,00
0 3: 4,00					4,00					4,00
0 4: 0,99					0,42					0,43
0 5: 0,00					0,91					0,91
0 6: 2,86					3,47					3,47
0 7: 3,65					5,19					5,19
0 8: 0,75					1,75					1,88
0 9: 2,00					9,00					9,00
1 0: 0,00					0,00					0,00
1 1: 0,00					0,00					0,00
1 2: 0,00					0,00					0,00
1 3: 0,00					0,00					0,00
1 4: 0,00					0,00					0,00
1 5: 0,00					0,00					0,00
1 6: 0,00					0,00					0,00
1 7: 0,00					0,00					0,00
1 8: 0,00					0,00					0,00
1 9: 0,00					0,00					0,00
2 0: 7,00					7,00					7,00
2 1: 7,00					7,00					7,00
2 2: 0,57					0,80					0,80
2 3: 0,57					1,00					0,80
2 4: 3,00					1,00					1,00
2 5: 3,00					0,00					1,00
2 6: 6,00					5,00					5,00
2 7: 7,00					9,00					9,00
2 8: 6,00					8,00					9,00
2 9: 12,00					12,00					13,00
2 10: 69,50					69,27					69,32
2 11: 5,14					4,91					4,95
2 12: 64,36					64,36					64,36
2 13: 69,50					69,27					69,32
3 0: 7,00					0,00					8,00
3 1: 7,00					3,00					8,00
3 2: 0,75					1,00					0,40
3 3: 0,75					1,00					0,80
3 4: 2,00					0,00					6,00
3 5: 2,00					0,00					2,00
3 6: 5,00					6,00					5,00
3 7: 8,00					8,00					8,00
3 8: 7,00					6,00					7,00
3 9: 14,00					15,00					13,00
3 10: 67,62					56,38					56,81
3 11: 6,12					4,62					5,06
3 12: 61,50					51,75					51,75
3 13: 67,62					56,38					56,81
4 0: 112,00					128,00					128,00
4 1: -32,00					0,00					0,00
4 2: 32,00					32,00					32,00
4 3: 3,81					3,81					3,81
4 4: 9,60					9,60					9,60
4 5: 0,00					0,00					0,00
4 6: 0,00					0,00					38,10
4 7: 6,10					0,76					0,76
4 8: 3,81					5,33					3,05
4 9: 0,76					3,05					3,05
4 10: 0,00					0,00					76,19
4 11: 2,29					3,81					3,81
4 12: 152,38					152,38					266,67
4 13: 68,57					60,95					60,95
4 14: 68,57					60,95					60,95
5 0: 40,00					40,00					48,00
5 1: 40,00					40,00					48,00
5 2: 0,00					0,00					0,00
5 3: 2,67					2,67					2,67
5 4: 8,00					8,00					8,00
5 5: 0,00					0,00					0,00
5 6: 0,00					0,00					133,33
5 7: 2,67					0,00					0,00
5 8: 2,67					5,33					0,00
5 9: 0,00					0,00					0,00
5 10: 0,00					0,00					133,33
5 11: 0,00					0,00					2,67
5 12: 133,33					133,33					266,67
5 13: 53,33					53,33					26,67
5 14: 26,67					26,67					26,67
6 0: 15,23					25,63					24,61
6 1: 2,96					14,56					13,64
6 2: 2,91					4,98					2,51
6 3: 0,26					0,24					0,21
6 4: 1,14					0,96					1,08
6 5: 0,00					0,00					0,00
6 6: 0,00					1,46					1,86
6 7: 0,09					0,00					0,00
6 8: 0,44					0,37					0,35
6 9: 0,28					0,26					0,19
6 10: 0,00					1,20					4,60
6 11: 0,29					0,28					0,32
6 12: 9,55					19,07					21,68
6 13: 6,57					9,91					9,67
6 14: 3,77					1,40					1,40
7 0: 0,73					0,73					0,73
7 1: 11,33					11,33					11,33
7 2: 16,00					16,00					16,00
7 3: 0,00					0,00					0,00
7 4: 0,00					0,00					0,00
7 5: 21,45					21,45					21,45
7 6: 0,00					54,55					54,55
8 0: 0,00					0,00					2,00
8 1: 32,00					32,00					12,00
8 2: 32,00					40,00					8,00
8 3: 0,00					0,00					0,00
8 4: 8,00					8,00					0,00
8 5: 40,00					32,00					32,00
8 6: 0,00					0,00					0,00
9 0: 0,12					0,12					0,12
9 1: 2,00					2,00					2,00
9 2: 4,00					4,00					5,00
9 3: 0,00					0,00					0,00
9 4: 0,00					0,00					0,00
9 5: 5,00					4,00					4,00
9 6: 0,00					0,00					0,00
