Distance: 					86794,87					362551,58
0 0: 82,50					116,38					90,24
0 1: 2,36					2,82					2,45
0 2: 4,00					4,00					3,00
0 3: 4,00					4,00					6,00
0 4: 0,99					0,86					0,68
0 5: 0,00					0,00					0,18
0 6: 2,86					3,33					2,75
0 7: 3,65					12,78					3,59
0 8: 0,75					1,12					0,50
0 9: 2,00					9,00					4,00
1 0: 0,00					0,00					0,00
1 1: 0,00					0,00					0,00
1 2: 0,00					0,00					0,00
1 3: 0,00					0,00					0,00
1 4: 0,00					0,00					0,00
1 5: 0,00					0,00					0,00
1 6: 0,00					0,00					0,00
1 7: 0,00					0,00					0,00
1 8: 0,00					0,00					0,00
1 9: 0,00					0,00					0,00
2 0: 7,00					0,00					3,00
2 1: 7,00					0,00					7,00
2 2: 0,57					0,57					1,00
2 3: 0,57					1,00					0,75
2 4: 3,00					3,00					0,00
2 5: 3,00					0,00					1,00
2 6: 6,00					5,00					6,00
2 7: 7,00					9,00					14,00
2 8: 6,00					9,00					12,00
2 9: 12,00					11,00					15,00
2 10: 69,50					71,32					70,64
2 11: 5,14					3,14					5,73
2 12: 64,36					68,18					64,91
2 13: 69,50					71,32					70,64
3 0: 7,00					11,00					2,00
3 1: 7,00					11,00					2,00
3 2: 0,75					1,00					1,00
3 3: 0,75					1,00					0,80
3 4: 2,00					0,00					0,00
3 5: 2,00					0,00					2,00
3 6: 5,00					4,00					4,00
3 7: 8,00					7,00					7,00
3 8: 7,00					6,00					6,00
3 9: 14,00					12,00					12,00
3 10: 67,62					55,56					69,38
3 11: 6,12					6,06					6,38
3 12: 61,50					49,50					63,00
3 13: 67,62					55,56					69,38
4 0: 112,00					144,00					224,00
4 1: -32,00					0,00					-16,00
4 2: 32,00					48,00					16,00
4 3: 3,81					4,57					3,05
4 4: 9,60					8,00					12,00
4 5: 0,00					0,00					0,00
4 6: 0,00					152,38					190,48
4 7: 6,10					0,00					0,00
4 8: 3,81					4,57					1,52
4 9: 0,76					0,76					0,76
4 10: 0,00					38,10					114,29
4 11: 2,29					4,57					0,00
4 12: 152,38					304,76					685,71
4 13: 68,57					60,95					60,95
4 14: 68,57					53,33					99,05
5 0: 40,00					32,00					40,00
5 1: 40,00					32,00					-40,00
5 2: 0,00					0,00					0,00
5 3: 2,67					2,67					2,67
5 4: 8,00					8,00					8,00
5 5: 0,00					0,00					0,00
5 6: 0,00					133,33					0,00
5 7: 2,67					0,00					0,00
5 8: 2,67					2,67					2,67
5 9: 0,00					0,00					0,00
5 10: 0,00					0,00					0,00
5 11: 0,00					2,67					2,67
5 12: 133,33					133,33					133,33
5 13: 53,33					53,33					26,67
5 14: 26,67					0,00					26,67
6 0: 15,23					31,75					15,06
6 1: 2,96					16,27					2,00
6 2: 2,91					3,08					2,55
6 3: 0,26					0,21					0,21
6 4: 1,14					1,10					1,12
6 5: 0,00					0,00					0,00
6 6: 0,00					2,86					3,25
6 7: 0,09					0,00					0,16
6 8: 0,44					0,41					0,42
6 9: 0,28					0,22					0,22
6 10: 0,00					0,94					1,20
6 11: 0,29					0,27					0,22
6 12: 9,55					21,13					15,78
6 13: 6,57					9,97					6,77
6 14: 3,77					1,53					4,46
7 0: 0,73					0,55					0,55
7 1: 11,33					11,33					19,00
7 2: 16,00					0,00					16,00
7 3: 0,00					0,00					0,00
7 4: 0,00					4,00					0,00
7 5: 21,45					22,73					21,64
7 6: 0,00					63,64					81,82
8 0: 0,00					2,00					2,00
8 1: 32,00					12,00					12,00
8 2: 32,00					16,00					32,00
8 3: 0,00					0,00					0,00
8 4: 8,00					0,00					0,00
8 5: 40,00					32,00					40,00
8 6: 0,00					100,00					0,00
9 0: 0,12					0,12					0,12
9 1: 2,00					2,00					2,00
9 2: 4,00					4,00					6,00
9 3: 0,00					0,00					0,00
9 4: 0,00					0,00					0,00
9 5: 5,00					4,00					5,00
9 6: 0,00					0,00					0,00
