Distance: 					5326,32					1104928,30
0 0: 41,25					32,56					47,11
0 1: 1,18					1,61					1,52
0 2: 2,00					1,50					1,50
0 3: 2,00					2,00					3,50
0 4: 0,49					0,23					0,31
0 5: 0,00					0,00					0,00
0 6: 1,43					1,52					1,59
0 7: 1,82					3,72					1,96
0 8: 0,38					0,38					0,34
0 9: 1,00					4,50					2,50
1 0: 0,00					0,00					0,00
1 1: 0,00					0,00					0,00
1 2: 0,00					0,00					0,00
1 3: 0,00					0,00					0,00
1 4: 0,00					0,00					0,00
1 5: 0,00					0,00					0,00
1 6: 0,00					0,00					0,00
1 7: 0,00					0,00					0,00
1 8: 0,00					0,00					0,00
1 9: 0,00					0,00					0,00
2 0: 7,00					0,00					6,00
2 1: 7,00					0,00					6,00
2 2: 0,57					0,83					0,67
2 3: 0,57					1,00					0,67
2 4: 3,00					1,00					2,00
2 5: 3,00					0,00					2,00
2 6: 6,00					5,00					6,00
2 7: 7,00					7,00					7,00
2 8: 6,00					7,00					7,00
2 9: 12,00					11,00					10,00
2 10: 69,50					70,68					68,86
2 11: 5,14					4,68					4,50
2 12: 64,36					66,00					64,36
2 13: 69,50					70,68					68,86
3 0: 7,00					7,00					5,00
3 1: 7,00					7,00					5,00
3 2: 0,67					0,67					0,50
3 3: 0,67					0,67					0,67
3 4: 4,00					4,00					4,00
3 5: 4,00					4,00					4,00
3 6: 3,00					3,00					1,00
3 7: 8,00					8,00					11,00
3 8: 7,00					7,00					8,00
3 9: 14,00					14,00					19,00
3 10: 66,75					66,75					68,42
3 11: 5,75					5,75					5,42
3 12: 61,00					61,00					63,00
3 13: 66,75					66,75					68,42
4 0: 84,00					108,00					120,00
4 1: -24,00					-24,00					-84,00
4 2: 24,00					24,00					12,00
4 3: 2,86					3,43					1,71
4 4: 7,20					8,00					8,00
4 5: 0,00					0,00					0,00
4 6: 0,00					0,00					228,57
4 7: 4,57					4,00					0,57
4 8: 2,86					2,29					2,29
4 9: 5,71					17,14					28,57
4 10: 0,00					0,00					171,43
4 11: 1,71					2,29					0,00
4 12: 57,14					42,86					157,14
4 13: 51,43					28,57					62,86
4 14: 51,43					68,57					57,14
5 0: 20,00					16,00					48,00
5 1: 20,00					-16,00					-48,00
5 2: 0,00					0,00					0,00
5 3: 1,33					1,33					1,33
5 4: 4,00					4,00					4,00
5 5: 0,00					0,00					0,00
5 6: 0,00					0,00					0,00
5 7: 1,33					1,33					0,00
5 8: 1,33					2,67					1,33
5 9: 0,00					0,00					13,33
5 10: 0,00					0,00					0,00
5 11: 0,00					0,00					1,33
5 12: 33,33					0,00					0,00
5 13: 26,67					13,33					26,67
5 14: 13,33					26,67					13,33
6 0: 11,27					12,21					10,10
6 1: 0,00					0,00					0,00
6 2: 8,52					6,19					6,05
6 3: 0,20					0,17					0,17
6 4: 0,67					0,70					0,69
6 5: 0,00					0,00					0,00
6 6: 0,00					5,46					12,46
6 7: 0,05					0,09					0,03
6 8: 0,36					0,31					0,29
6 9: 1,97					1,86					1,65
6 10: 0,00					0,30					1,59
6 11: 0,22					0,18					0,18
6 12: 3,17					4,87					7,04
6 13: 4,28					5,03					3,75
6 14: 3,33					2,93					4,03
7 0: 12,00					24,00					12,00
7 1: 16,00					12,00					16,00
7 2: 16,00					8,00					4,00
7 3: 0,00					4,00					16,00
7 4: 28,00					16,00					24,00
7 5: 8,00					20,00					8,00
7 6: 8,00					4,00					8,00
7 7: 0,73					0,73					0,55
7 8: 11,33					9,14					11,33
7 9: 0,00					0,00					0,00
7 10: 0,00					4,00					0,00
7 11: 21,45					22,00					21,45
7 12: 0,00					0,00					0,00
8 0: 4,00					4,00					0,00
8 1: 4,00					4,00					0,00
8 2: 4,00					4,00					0,00
8 3: 0,00					0,00					4,00
8 4: 4,00					4,00					4,00
8 5: 0,00					0,00					0,00
8 6: 0,00					0,00					8,00
8 7: 0,00					0,00					0,00
8 8: 16,00					16,00					16,00
8 9: 0,00					0,00					0,00
8 10: 4,00					4,00					0,00
8 11: 20,00					20,00					19,00
8 12: 0,00					0,00					1000,00
9 0: 0,00					0,00					0,00
9 1: 0,00					0,00					0,00
9 2: 0,00					0,00					0,00
9 3: 0,00					0,00					0,00
9 4: 0,00					0,00					0,00
9 5: 0,00					0,00					0,00
9 6: 0,00					0,00					0,00
9 7: 0,00					0,00					0,00
9 8: 0,00					0,00					0,00
9 9: 0,00					0,00					0,00
9 10: 0,00					0,00					0,00
9 11: 0,00					0,00					0,00
9 12: 0,00					0,00					0,00
