Distance: 					351,73					455633,45
0 0: 41,25					41,25					41,25
0 1: 1,18					1,05					1,02
0 2: 2,00					1,50					1,50
0 3: 2,00					1,50					1,50
0 4: 0,49					0,28					0,29
0 5: 0,00					0,09					0,09
0 6: 1,43					1,50					1,50
0 7: 1,82					2,20					2,20
0 8: 0,38					0,53					0,56
0 9: 1,00					4,00					4,00
1 0: 0,00					0,00					0,00
1 1: 0,00					0,00					0,00
1 2: 0,00					0,00					0,00
1 3: 0,00					0,00					0,00
1 4: 0,00					0,00					0,00
1 5: 0,00					0,00					0,00
1 6: 0,00					0,00					0,00
1 7: 0,00					0,00					0,00
1 8: 0,00					0,00					0,00
1 9: 0,00					0,00					0,00
2 0: 7,00					7,00					7,00
2 1: 7,00					7,00					7,00
2 2: 0,57					0,67					0,80
2 3: 0,57					0,67					0,80
2 4: 3,00					2,00					1,00
2 5: 3,00					2,00					1,00
2 6: 6,00					6,00					6,00
2 7: 7,00					7,00					8,00
2 8: 6,00					7,00					7,00
2 9: 12,00					10,00					12,00
2 10: 69,50					70,36					81,91
2 11: 5,14					5,45					5,00
2 12: 64,36					64,91					76,91
2 13: 69,50					70,36					81,91
3 0: 7,00					7,00					7,00
3 1: 7,00					7,00					7,00
3 2: 0,67					0,67					0,67
3 3: 0,67					0,67					0,67
3 4: 4,00					4,00					4,00
3 5: 4,00					4,00					4,00
3 6: 3,00					3,00					3,00
3 7: 8,00					8,00					8,00
3 8: 7,00					7,00					7,00
3 9: 14,00					14,00					13,00
3 10: 66,75					66,83					66,17
3 11: 5,75					5,83					5,17
3 12: 61,00					61,00					61,00
3 13: 66,75					66,83					66,17
4 0: 84,00					84,00					84,00
4 1: -24,00					-24,00					12,00
4 2: 24,00					24,00					12,00
4 3: 2,86					2,86					1,71
4 4: 7,20					7,20					8,00
4 5: 0,00					0,00					0,00
4 6: 0,00					0,00					571,43
4 7: 4,57					4,57					1,71
4 8: 2,86					2,29					2,29
4 9: 5,71					11,43					22,86
4 10: 0,00					0,00					0,00
4 11: 1,71					1,71					1,14
4 12: 57,14					57,14					114,29
4 13: 51,43					45,71					51,43
4 14: 51,43					57,14					57,14
5 0: 20,00					20,00					24,00
5 1: 20,00					20,00					24,00
5 2: 0,00					0,00					0,00
5 3: 1,33					1,33					1,33
5 4: 4,00					4,00					4,00
5 5: 0,00					0,00					0,00
5 6: 0,00					0,00					266,67
5 7: 1,33					1,33					0,00
5 8: 1,33					1,33					1,33
5 9: 0,00					0,00					0,00
5 10: 0,00					0,00					133,33
5 11: 0,00					0,00					0,00
5 12: 33,33					33,33					66,67
5 13: 26,67					26,67					26,67
5 14: 13,33					13,33					13,33
6 0: 11,27					10,00					21,46
6 1: 0,00					0,00					2,67
6 2: 8,52					8,32					5,26
6 3: 0,20					0,20					0,14
6 4: 0,67					0,68					0,68
6 5: 0,00					0,00					0,00
6 6: 0,00					6,37					8,64
6 7: 0,05					0,06					0,00
6 8: 0,36					0,34					0,29
6 9: 1,97					1,89					1,46
6 10: 0,00					0,00					6,44
6 11: 0,22					0,21					0,18
6 12: 3,17					3,90					8,68
6 13: 4,28					4,33					5,84
6 14: 3,33					3,29					2,35
7 0: 12,00					16,00					16,00
7 1: 16,00					12,00					12,00
7 2: 16,00					8,00					12,00
7 3: 0,00					4,00					0,00
7 4: 28,00					24,00					20,00
7 5: 8,00					16,00					16,00
7 6: 8,00					8,00					12,00
7 7: 0,73					0,73					0,73
7 8: 11,33					11,33					11,33
7 9: 0,00					0,00					0,00
7 10: 0,00					0,00					0,00
7 11: 21,45					21,64					25,64
7 12: 0,00					0,00					181,82
8 0: 4,00					4,00					4,00
8 1: 4,00					4,00					4,00
8 2: 4,00					4,00					4,00
8 3: 0,00					0,00					0,00
8 4: 4,00					4,00					4,00
8 5: 0,00					0,00					0,00
8 6: 0,00					0,00					0,00
8 7: 0,00					0,00					0,00
8 8: 16,00					16,00					16,00
8 9: 0,00					0,00					0,00
8 10: 4,00					4,00					4,00
8 11: 20,00					20,00					20,00
8 12: 0,00					0,00					0,00
9 0: 0,00					0,00					0,00
9 1: 0,00					0,00					0,00
9 2: 0,00					0,00					0,00
9 3: 0,00					0,00					0,00
9 4: 0,00					0,00					0,00
9 5: 0,00					0,00					0,00
9 6: 0,00					0,00					0,00
9 7: 0,00					0,00					0,00
9 8: 0,00					0,00					0,00
9 9: 0,00					0,00					0,00
9 10: 0,00					0,00					0,00
9 11: 0,00					0,00					0,00
9 12: 0,00					0,00					0,00
