Distance: 					1354,09					1081453,07
0 0: 41,25					41,32					42,44
0 1: 1,18					1,11					1,07
0 2: 2,00					1,50					1,00
0 3: 2,00					1,50					1,50
0 4: 0,49					0,23					0,22
0 5: 0,00					0,09					0,09
0 6: 1,43					1,52					1,52
0 7: 1,82					3,72					3,67
0 8: 0,38					0,47					0,53
0 9: 1,00					4,50					4,50
1 0: 0,00					0,00					0,00
1 1: 0,00					0,00					0,00
1 2: 0,00					0,00					0,00
1 3: 0,00					0,00					0,00
1 4: 0,00					0,00					0,00
1 5: 0,00					0,00					0,00
1 6: 0,00					0,00					0,00
1 7: 0,00					0,00					0,00
1 8: 0,00					0,00					0,00
1 9: 0,00					0,00					0,00
2 0: 7,00					7,00					0,00
2 1: 7,00					7,00					7,00
2 2: 0,57					0,80					1,00
2 3: 0,57					0,80					1,00
2 4: 3,00					1,00					0,00
2 5: 3,00					1,00					0,00
2 6: 6,00					6,00					5,00
2 7: 7,00					6,00					7,00
2 8: 6,00					6,00					7,00
2 9: 12,00					9,00					10,00
2 10: 69,50					59,27					59,09
2 11: 5,14					5,82					4,55
2 12: 64,36					53,45					54,55
2 13: 69,50					59,27					59,09
3 0: 7,00					7,00					7,00
3 1: 7,00					7,00					3,00
3 2: 0,67					0,67					1,00
3 3: 0,67					0,67					0,67
3 4: 4,00					4,00					0,00
3 5: 4,00					4,00					4,00
3 6: 3,00					3,00					2,00
3 7: 8,00					8,00					10,00
3 8: 7,00					7,00					8,00
3 9: 14,00					14,00					15,00
3 10: 66,75					67,58					78,83
3 11: 5,75					5,58					4,83
3 12: 61,00					62,00					74,00
3 13: 66,75					67,58					78,83
4 0: 84,00					84,00					84,00
4 1: -24,00					-24,00					-36,00
4 2: 24,00					36,00					24,00
4 3: 2,86					2,86					2,86
4 4: 7,20					4,80					7,20
4 5: 0,00					0,00					0,00
4 6: 0,00					0,00					228,57
4 7: 4,57					4,00					0,57
4 8: 2,86					2,86					4,00
4 9: 5,71					17,14					5,71
4 10: 0,00					0,00					57,14
4 11: 1,71					1,14					1,71
4 12: 57,14					57,14					128,57
4 13: 51,43					40,00					40,00
4 14: 51,43					68,57					62,86
5 0: 20,00					20,00					24,00
5 1: 20,00					16,00					24,00
5 2: 0,00					0,00					0,00
5 3: 1,33					1,33					1,33
5 4: 4,00					4,00					4,00
5 5: 0,00					0,00					0,00
5 6: 0,00					0,00					0,00
5 7: 1,33					0,00					0,00
5 8: 1,33					2,67					1,33
5 9: 0,00					0,00					0,00
5 10: 0,00					0,00					133,33
5 11: 0,00					0,00					0,00
5 12: 33,33					33,33					66,67
5 13: 26,67					26,67					26,67
5 14: 13,33					13,33					13,33
6 0: 11,27					15,10					24,54
6 1: 0,00					-2,61					0,00
6 2: 8,52					5,42					6,42
6 3: 0,20					0,16					0,14
6 4: 0,67					0,72					0,62
6 5: 0,00					0,00					0,00
6 6: 0,00					1,63					6,43
6 7: 0,05					0,05					0,01
6 8: 0,36					0,32					0,32
6 9: 1,97					1,66					1,62
6 10: 0,00					0,30					3,01
6 11: 0,22					0,21					0,20
6 12: 3,17					5,11					6,75
6 13: 4,28					2,14					1,88
6 14: 3,33					5,87					6,32
7 0: 12,00					8,00					20,00
7 1: 16,00					16,00					12,00
7 2: 16,00					16,00					12,00
7 3: 0,00					0,00					4,00
7 4: 28,00					20,00					20,00
7 5: 8,00					16,00					4,00
7 6: 8,00					12,00					16,00
7 7: 0,73					0,55					0,55
7 8: 11,33					14,40					11,33
7 9: 0,00					0,00					0,00
7 10: 0,00					0,00					4,00
7 11: 21,45					17,82					18,18
7 12: 0,00					0,00					0,00
8 0: 4,00					4,00					4,00
8 1: 4,00					0,00					4,00
8 2: 4,00					4,00					4,00
8 3: 0,00					4,00					0,00
8 4: 4,00					4,00					0,00
8 5: 0,00					0,00					4,00
8 6: 0,00					0,00					0,00
8 7: 0,00					0,00					0,00
8 8: 16,00					16,00					16,00
8 9: 0,00					0,00					0,00
8 10: 4,00					4,00					4,00
8 11: 20,00					20,00					24,00
8 12: 0,00					0,00					1000,00
9 0: 0,00					0,00					0,00
9 1: 0,00					0,00					0,00
9 2: 0,00					0,00					0,00
9 3: 0,00					0,00					0,00
9 4: 0,00					0,00					0,00
9 5: 0,00					0,00					0,00
9 6: 0,00					0,00					0,00
9 7: 0,00					0,00					0,00
9 8: 0,00					0,00					0,00
9 9: 0,00					0,00					0,00
9 10: 0,00					0,00					0,00
9 11: 0,00					0,00					0,00
9 12: 0,00					0,00					0,00
