Distance: 					228,10					4121933,61
0 0: 18,75					18,75					18,75
0 1: 1,61					1,33					1,27
0 2: 1,00					1,00					1,00
0 3: 3,12					2,50					2,50
0 4: 0,45					0,21					0,23
0 5: 0,00					0,13					0,13
0 6: 1,50					1,58					1,58
0 7: 1,57					0,99					0,99
0 8: 0,00					0,29					0,38
0 9: 0,00					0,50					1,00
1 0: 0,00					0,00					0,00
1 1: 0,00					0,00					0,00
1 2: 0,00					0,00					0,00
1 3: 0,00					0,00					0,00
1 4: 0,00					0,00					0,00
1 5: 0,00					0,00					0,00
1 6: 0,00					0,00					0,00
1 7: 0,00					0,00					0,00
1 8: 0,00					0,00					0,00
1 9: 0,00					0,00					0,00
2 0: 0,00					0,00					0,00
2 1: 0,00					0,00					0,00
2 2: 0,80					1,00					1,00
2 3: 0,80					1,00					1,00
2 4: 1,00					0,00					0,00
2 5: 1,00					0,00					0,00
2 6: 3,00					4,00					4,00
2 7: 5,00					6,00					6,00
2 8: 5,00					6,00					6,00
2 9: 6,00					7,00					7,00
2 10: 62,80					63,87					63,87
2 11: 2,80					3,87					3,87
2 12: 60,00					60,00					60,00
2 13: 58,80					59,87					59,87
3 0: 4,00					4,00					8,00
3 1: 4,00					4,00					-4,00
3 2: 0,50					0,50					1,00
3 3: 0,60					0,60					1,00
3 4: 4,00					4,00					0,00
3 5: 4,00					4,00					0,00
3 6: 7,00					7,00					7,00
3 7: 11,00					11,00					8,00
3 8: 7,00					7,00					5,00
3 9: 17,00					17,00					21,00
3 10: 53,85					53,85					52,50
3 11: 6,45					6,45					4,50
3 12: 47,40					47,40					48,00
3 13: 49,85					49,85					48,50
4 0: 36,00					36,00					60,00
4 1: 24,00					24,00					0,00
4 2: 0,00					0,00					24,00
4 3: 2,57					2,57					4,29
4 4: 12,00					12,00					7,20
4 5: 0,00					0,00					0,00
4 6: 857,14					857,14					685,71
4 7: 5,14					4,29					1,71
4 8: 1,71					1,71					1,71
4 9: 0,00					0,00					0,00
4 10: 0,00					0,00					0,00
4 11: 0,86					1,71					4,29
4 12: 107,14					107,14					107,14
4 13: 51,43					51,43					34,29
4 14: 60,00					51,43					42,86
5 0: 8,00					8,00					24,00
5 1: -8,00					-8,00					-24,00
5 2: 4,00					4,00					0,00
5 3: 2,67					2,67					1,33
5 4: 2,00					2,00					4,00
5 5: 4,00					4,00					0,00
5 6: 266,67					266,67					0,00
5 7: 2,67					2,67					0,00
5 8: 0,00					0,00					1,33
5 9: 0,00					0,00					0,00
5 10: 0,00					0,00					133,33
5 11: 0,00					0,00					1,33
5 12: 33,33					33,33					33,33
5 13: 0,00					0,00					0,00
5 14: 40,00					40,00					26,67
6 0: 18,59					20,03					20,56
6 1: 2,97					2,97					0,00
6 2: 2,84					2,60					3,87
6 3: 0,17					0,17					0,17
6 4: 0,84					0,85					0,76
6 5: 0,00					0,00					0,00
6 6: 2,91					4,20					8,15
6 7: 0,03					0,04					0,01
6 8: 0,12					0,11					0,22
6 9: 1,60					1,49					0,95
6 10: 1,63					1,63					7,61
6 11: 0,31					0,31					0,28
6 12: 10,27					10,48					10,71
6 13: 6,56					6,63					6,69
6 14: 2,01					1,97					1,92
7 0: 20,00					16,00					16,00
7 1: 4,00					12,00					12,00
7 2: 0,00					4,00					4,00
7 3: 0,00					0,00					0,00
7 4: 4,00					0,00					0,00
7 5: 16,00					12,00					12,00
7 6: 16,00					16,00					16,00
7 7: 0,53					0,80					1,07
7 8: 8,80					12,00					6,67
7 9: 0,00					0,00					0,00
7 10: 4,00					4,00					4,00
7 11: 17,60					18,13					18,13
7 12: 266,67					266,67					266,67
8 0: 0,00					0,00					0,00
8 1: 0,00					0,00					0,00
8 2: 4,00					4,00					0,00
8 3: 4,00					4,00					4,00
8 4: 4,00					4,00					8,00
8 5: 4,00					4,00					0,00
8 6: 0,00					0,00					4,00
8 7: 0,00					0,00					1,00
8 8: 16,00					16,00					6,00
8 9: 0,00					0,00					0,00
8 10: 4,00					4,00					0,00
8 11: 16,00					16,00					15,00
8 12: 0,00					0,00					2000,00
9 0: 0,00					0,00					0,00
9 1: 0,00					0,00					0,00
9 2: 0,00					0,00					0,00
9 3: 0,00					0,00					0,00
9 4: 0,00					0,00					0,00
9 5: 0,00					0,00					0,00
9 6: 0,00					0,00					0,00
9 7: 0,00					0,00					0,00
9 8: 0,00					0,00					0,00
9 9: 0,00					0,00					0,00
9 10: 0,00					0,00					0,00
9 11: 0,00					0,00					0,00
9 12: 0,00					0,00					0,00
