Distance: 					454,14					1146044,50
0 0: 18,75					18,85					18,85
0 1: 1,61					1,33					1,33
0 2: 1,00					1,00					1,00
0 3: 3,12					2,00					2,00
0 4: 0,45					0,33					0,33
0 5: 0,00					0,27					0,27
0 6: 1,50					1,71					1,71
0 7: 1,57					0,87					0,87
0 8: 0,00					0,25					0,25
0 9: 0,00					1,00					1,00
1 0: 0,00					0,00					0,00
1 1: 0,00					0,00					0,00
1 2: 0,00					0,00					0,00
1 3: 0,00					0,00					0,00
1 4: 0,00					0,00					0,00
1 5: 0,00					0,00					0,00
1 6: 0,00					0,00					0,00
1 7: 0,00					0,00					0,00
1 8: 0,00					0,00					0,00
1 9: 0,00					0,00					0,00
2 0: 0,00					0,00					0,00
2 1: 0,00					0,00					0,00
2 2: 0,80					0,50					0,50
2 3: 0,80					0,50					0,50
2 4: 1,00					3,00					3,00
2 5: 1,00					3,00					3,00
2 6: 3,00					4,00					4,00
2 7: 5,00					6,00					6,00
2 8: 5,00					6,00					6,00
2 9: 6,00					7,00					7,00
2 10: 62,80					64,27					64,27
2 11: 2,80					4,27					4,27
2 12: 60,00					60,00					60,00
2 13: 58,80					60,27					60,27
3 0: 4,00					4,00					5,00
3 1: 4,00					4,00					5,00
3 2: 0,50					0,50					0,67
3 3: 0,60					0,60					0,60
3 4: 4,00					4,00					4,00
3 5: 4,00					4,00					8,00
3 6: 7,00					7,00					5,00
3 7: 11,00					11,00					6,00
3 8: 7,00					7,00					3,00
3 9: 17,00					17,00					24,00
3 10: 53,85					53,85					40,40
3 11: 6,45					6,45					6,20
3 12: 47,40					47,40					34,20
3 13: 49,85					49,85					36,40
4 0: 36,00					48,00					48,00
4 1: 24,00					24,00					24,00
4 2: 0,00					0,00					0,00
4 3: 2,57					2,57					2,57
4 4: 12,00					12,00					12,00
4 5: 0,00					0,00					0,00
4 6: 857,14					857,14					857,14
4 7: 5,14					3,43					3,43
4 8: 1,71					2,57					2,57
4 9: 0,00					0,00					0,00
4 10: 0,00					0,00					0,00
4 11: 0,86					1,71					1,71
4 12: 107,14					107,14					107,14
4 13: 51,43					51,43					51,43
4 14: 60,00					51,43					51,43
5 0: 8,00					8,00					24,00
5 1: -8,00					-8,00					-24,00
5 2: 4,00					4,00					4,00
5 3: 2,67					2,67					2,67
5 4: 2,00					2,00					2,00
5 5: 4,00					4,00					4,00
5 6: 266,67					266,67					0,00
5 7: 2,67					2,67					0,00
5 8: 0,00					0,00					0,00
5 9: 0,00					0,00					0,00
5 10: 0,00					0,00					266,67
5 11: 0,00					0,00					1,33
5 12: 33,33					33,33					66,67
5 13: 0,00					0,00					0,00
5 14: 40,00					40,00					26,67
6 0: 18,59					20,52					34,33
6 1: 2,97					2,97					0,00
6 2: 2,84					2,60					3,01
6 3: 0,17					0,18					0,16
6 4: 0,84					0,86					0,82
6 5: 0,00					0,00					0,00
6 6: 2,91					4,74					11,26
6 7: 0,03					0,01					0,01
6 8: 0,12					0,13					0,09
6 9: 1,60					1,46					1,33
6 10: 1,63					1,63					20,29
6 11: 0,31					0,33					0,30
6 12: 10,27					10,48					12,49
6 13: 6,56					6,60					6,71
6 14: 2,01					1,94					1,94
7 0: 20,00					24,00					24,00
7 1: 4,00					8,00					8,00
7 2: 0,00					8,00					8,00
7 3: 0,00					0,00					0,00
7 4: 4,00					0,00					0,00
7 5: 16,00					8,00					8,00
7 6: 16,00					12,00					12,00
7 7: 0,53					0,53					0,53
7 8: 8,80					12,00					12,00
7 9: 0,00					0,00					0,00
7 10: 4,00					4,00					4,00
7 11: 17,60					18,67					18,67
7 12: 266,67					266,67					266,67
8 0: 0,00					0,00					0,00
8 1: 0,00					0,00					0,00
8 2: 4,00					4,00					4,00
8 3: 4,00					4,00					4,00
8 4: 4,00					4,00					0,00
8 5: 4,00					4,00					0,00
8 6: 0,00					0,00					8,00
8 7: 0,00					0,00					1,00
8 8: 16,00					16,00					6,00
8 9: 0,00					0,00					0,00
8 10: 4,00					4,00					0,00
8 11: 16,00					16,00					11,00
8 12: 0,00					0,00					1000,00
9 0: 0,00					0,00					0,00
9 1: 0,00					0,00					0,00
9 2: 0,00					0,00					0,00
9 3: 0,00					0,00					0,00
9 4: 0,00					0,00					0,00
9 5: 0,00					0,00					0,00
9 6: 0,00					0,00					0,00
9 7: 0,00					0,00					0,00
9 8: 0,00					0,00					0,00
9 9: 0,00					0,00					0,00
9 10: 0,00					0,00					0,00
9 11: 0,00					0,00					0,00
9 12: 0,00					0,00					0,00
