Distance: 					229,85					1373284,07
0 0: 18,75					18,74					24,98
0 1: 1,61					1,30					1,27
0 2: 1,00					1,00					0,50
0 3: 3,12					2,00					2,00
0 4: 0,45					0,26					0,28
0 5: 0,00					0,27					0,27
0 6: 1,50					1,71					1,71
0 7: 1,57					0,95					0,95
0 8: 0,00					0,29					0,33
0 9: 0,00					1,00					1,00
1 0: 0,00					0,00					0,00
1 1: 0,00					0,00					0,00
1 2: 0,00					0,00					0,00
1 3: 0,00					0,00					0,00
1 4: 0,00					0,00					0,00
1 5: 0,00					0,00					0,00
1 6: 0,00					0,00					0,00
1 7: 0,00					0,00					0,00
1 8: 0,00					0,00					0,00
1 9: 0,00					0,00					0,00
2 0: 0,00					0,00					11,00
2 1: 0,00					0,00					-1,00
2 2: 0,80					1,00					0,40
2 3: 0,80					1,00					0,40
2 4: 1,00					0,00					3,00
2 5: 1,00					0,00					3,00
2 6: 3,00					4,00					3,00
2 7: 5,00					6,00					9,00
2 8: 5,00					6,00					9,00
2 9: 6,00					7,00					13,00
2 10: 62,80					63,87					64,40
2 11: 2,80					3,87					4,40
2 12: 60,00					60,00					60,00
2 13: 58,80					59,87					60,40
3 0: 4,00					4,00					0,00
3 1: 4,00					4,00					0,00
3 2: 0,50					0,50					0,67
3 3: 0,60					0,60					0,60
3 4: 4,00					4,00					2,00
3 5: 4,00					4,00					4,00
3 6: 7,00					7,00					8,00
3 7: 11,00					11,00					11,00
3 8: 7,00					7,00					7,00
3 9: 17,00					17,00					20,00
3 10: 53,85					53,85					54,50
3 11: 6,45					6,45					7,10
3 12: 47,40					47,40					47,40
3 13: 49,85					49,85					50,50
4 0: 36,00					36,00					96,00
4 1: 24,00					24,00					72,00
4 2: 0,00					0,00					0,00
4 3: 2,57					2,57					1,71
4 4: 12,00					12,00					12,00
4 5: 0,00					0,00					0,00
4 6: 857,14					857,14					342,86
4 7: 5,14					4,29					1,71
4 8: 1,71					1,71					3,43
4 9: 0,00					0,00					8,57
4 10: 0,00					0,00					171,43
4 11: 0,86					1,71					1,71
4 12: 107,14					107,14					107,14
4 13: 51,43					51,43					42,86
4 14: 60,00					51,43					60,00
5 0: 8,00					8,00					20,00
5 1: -8,00					-8,00					-20,00
5 2: 4,00					4,00					0,00
5 3: 2,67					2,67					1,33
5 4: 2,00					2,00					4,00
5 5: 4,00					4,00					0,00
5 6: 266,67					266,67					266,67
5 7: 2,67					2,67					1,33
5 8: 0,00					0,00					0,00
5 9: 0,00					0,00					0,00
5 10: 0,00					0,00					0,00
5 11: 0,00					0,00					0,00
5 12: 33,33					33,33					66,67
5 13: 0,00					0,00					0,00
5 14: 40,00					40,00					40,00
6 0: 18,59					20,03					22,42
6 1: 2,97					2,97					0,00
6 2: 2,84					2,60					3,09
6 3: 0,17					0,17					0,17
6 4: 0,84					0,85					0,81
6 5: 0,00					0,00					0,00
6 6: 2,91					4,20					5,98
6 7: 0,03					0,04					0,03
6 8: 0,12					0,11					0,10
6 9: 1,60					1,49					0,88
6 10: 1,63					1,63					11,41
6 11: 0,31					0,31					0,31
6 12: 10,27					10,48					12,68
6 13: 6,56					6,63					6,40
6 14: 2,01					1,97					2,20
7 0: 20,00					16,00					8,00
7 1: 4,00					12,00					8,00
7 2: 0,00					4,00					4,00
7 3: 0,00					0,00					4,00
7 4: 4,00					0,00					8,00
7 5: 16,00					12,00					8,00
7 6: 16,00					16,00					20,00
7 7: 0,53					0,80					0,53
7 8: 8,80					12,00					12,00
7 9: 0,00					0,00					0,00
7 10: 4,00					4,00					0,00
7 11: 17,60					18,13					17,87
7 12: 266,67					266,67					533,33
8 0: 0,00					0,00					0,00
8 1: 0,00					0,00					0,00
8 2: 4,00					4,00					4,00
8 3: 4,00					4,00					4,00
8 4: 4,00					4,00					4,00
8 5: 4,00					4,00					0,00
8 6: 0,00					0,00					4,00
8 7: 0,00					0,00					0,00
8 8: 16,00					16,00					16,00
8 9: 0,00					0,00					0,00
8 10: 4,00					4,00					4,00
8 11: 16,00					16,00					16,00
8 12: 0,00					0,00					1000,00
9 0: 0,00					0,00					0,00
9 1: 0,00					0,00					0,00
9 2: 0,00					0,00					0,00
9 3: 0,00					0,00					0,00
9 4: 0,00					0,00					0,00
9 5: 0,00					0,00					0,00
9 6: 0,00					0,00					0,00
9 7: 0,00					0,00					0,00
9 8: 0,00					0,00					0,00
9 9: 0,00					0,00					0,00
9 10: 0,00					0,00					0,00
9 11: 0,00					0,00					0,00
9 12: 0,00					0,00					0,00
