Distance: 					1214,86					4003265,08
0 0: 21,25					21,26					21,26
0 1: 1,88					1,18					1,18
0 2: 1,00					0,50					0,50
0 3: 4,00					4,00					4,00
0 4: 0,76					0,65					0,65
0 5: 0,00					0,12					0,12
0 6: 1,75					1,70					1,70
0 7: 2,62					2,85					2,85
0 8: 0,00					0,75					0,75
0 9: 0,00					3,00					3,00
1 0: 0,00					0,00					0,00
1 1: 0,00					0,00					0,00
1 2: 0,00					0,00					0,00
1 3: 0,00					0,00					0,00
1 4: 0,00					0,00					0,00
1 5: 0,00					0,00					0,00
1 6: 0,00					0,00					0,00
1 7: 0,00					0,00					0,00
1 8: 0,00					0,00					0,00
1 9: 0,00					0,00					0,00
2 0: 3,00					2,00					2,00
2 1: 3,00					2,00					2,00
2 2: 1,00					0,80					0,80
2 3: 1,00					0,80					0,80
2 4: 0,00					1,00					1,00
2 5: 0,00					1,00					1,00
2 6: 5,00					4,00					4,00
2 7: 7,00					6,00					6,00
2 8: 7,00					6,00					6,00
2 9: 10,00					8,00					8,00
2 10: 67,00					67,12					67,12
2 11: 6,29					7,12					7,12
2 12: 60,71					60,00					60,00
2 13: 60,00					60,12					60,12
3 0: 0,00					0,00					8,00
3 1: 3,00					3,00					-4,00
3 2: 1,00					1,00					0,67
3 3: 1,00					1,00					0,67
3 4: 0,00					0,00					4,00
3 5: 0,00					0,00					4,00
3 6: 4,00					4,00					2,00
3 7: 8,00					8,00					9,00
3 8: 7,00					7,00					8,00
3 9: 12,00					12,00					17,00
3 10: 52,25					52,25					63,17
3 11: 5,25					5,25					6,17
3 12: 47,00					47,00					57,00
3 13: 45,25					45,25					56,17
4 0: 36,00					60,00					60,00
4 1: -24,00					-24,00					-24,00
4 2: 12,00					12,00					12,00
4 3: 3,00					2,25					2,25
4 4: 9,00					8,00					8,00
4 5: 0,00					0,00					0,00
4 6: 600,00					600,00					600,00
4 7: 3,75					3,00					3,00
4 8: 2,25					4,50					4,50
4 9: 0,00					0,00					0,00
4 10: 0,00					0,00					0,00
4 11: 2,25					0,75					0,75
4 12: 93,75					93,75					93,75
4 13: 37,50					52,50					52,50
4 14: 60,00					60,00					60,00
5 0: 8,00					8,00					28,00
5 1: -8,00					-8,00					-28,00
5 2: 4,00					4,00					0,00
5 3: 2,67					2,67					1,33
5 4: 2,00					2,00					4,00
5 5: 4,00					4,00					0,00
5 6: 266,67					266,67					266,67
5 7: 2,67					2,67					0,00
5 8: 0,00					0,00					1,33
5 9: 0,00					0,00					13,33
5 10: 0,00					0,00					0,00
5 11: 0,00					0,00					0,00
5 12: 33,33					33,33					33,33
5 13: 0,00					0,00					13,33
5 14: 40,00					40,00					26,67
6 0: 16,53					17,12					9,44
6 1: 0,00					0,00					0,00
6 2: 6,03					6,26					6,06
6 3: 0,13					0,14					0,16
6 4: 0,52					0,53					0,60
6 5: 0,00					0,00					0,00
6 6: 6,94					1,03					4,01
6 7: 0,01					0,01					0,04
6 8: 0,29					0,30					0,28
6 9: 1,62					1,54					1,04
6 10: 0,44					2,56					6,26
6 11: 0,19					0,20					0,16
6 12: 4,70					4,89					6,85
6 13: 4,67					4,73					3,99
6 14: 2,38					2,46					3,08
7 0: 16,00					12,00					12,00
7 1: 8,00					20,00					20,00
7 2: 16,00					12,00					12,00
7 3: 4,00					0,00					0,00
7 4: 4,00					4,00					4,00
7 5: 12,00					4,00					4,00
7 6: 8,00					16,00					16,00
7 7: 0,94					0,71					0,71
7 8: 8,00					10,40					10,40
7 9: 0,00					0,00					0,00
7 10: 4,00					0,00					0,00
7 11: 18,59					18,59					18,59
7 12: 0,00					0,00					0,00
8 0: 0,00					0,00					4,00
8 1: 0,00					0,00					0,00
8 2: 4,00					4,00					8,00
8 3: 4,00					4,00					0,00
8 4: 4,00					4,00					0,00
8 5: 4,00					4,00					4,00
8 6: 0,00					0,00					0,00
8 7: 0,00					0,00					0,00
8 8: 16,00					16,00					16,00
8 9: 0,00					0,00					0,00
8 10: 4,00					4,00					0,00
8 11: 12,00					12,00					16,00
8 12: 0,00					0,00					2000,00
9 0: 0,00					0,00					0,00
9 1: 0,00					0,00					0,00
9 2: 0,00					0,00					0,00
9 3: 0,00					0,00					0,00
9 4: 0,00					0,00					0,00
9 5: 0,00					0,00					0,00
9 6: 0,00					0,00					0,00
9 7: 0,00					0,00					0,00
9 8: 0,00					0,00					0,00
9 9: 0,00					0,00					0,00
9 10: 0,00					0,00					0,00
9 11: 0,00					0,00					0,00
9 12: 0,00					0,00					0,00
