Distance: 					30528,48					1571112,77
0 0: 21,25					21,72					45,66
0 1: 1,88					1,82					1,62
0 2: 1,00					1,00					1,50
0 3: 4,00					4,00					1,50
0 4: 0,76					0,63					0,61
0 5: 0,00					0,00					0,47
0 6: 1,75					1,67					2,42
0 7: 2,62					5,71					1,90
0 8: 0,00					0,44					0,25
0 9: 0,00					3,00					2,00
1 0: 0,00					0,00					0,00
1 1: 0,00					0,00					0,00
1 2: 0,00					0,00					0,00
1 3: 0,00					0,00					0,00
1 4: 0,00					0,00					0,00
1 5: 0,00					0,00					0,00
1 6: 0,00					0,00					0,00
1 7: 0,00					0,00					0,00
1 8: 0,00					0,00					0,00
1 9: 0,00					0,00					0,00
2 0: 3,00					8,00					5,00
2 1: 3,00					-4,00					0,00
2 2: 1,00					0,71					1,00
2 3: 1,00					0,71					0,60
2 4: 0,00					2,00					0,00
2 5: 0,00					2,00					2,00
2 6: 5,00					3,00					4,00
2 7: 7,00					5,00					10,00
2 8: 7,00					5,00					7,00
2 9: 10,00					8,00					20,00
2 10: 67,00					66,06					65,59
2 11: 6,29					6,06					5,59
2 12: 60,71					60,00					60,00
2 13: 60,00					59,06					58,59
3 0: 0,00					8,00					10,00
3 1: 3,00					-4,00					3,00
3 2: 1,00					0,67					1,00
3 3: 1,00					0,67					1,00
3 4: 0,00					4,00					0,00
3 5: 0,00					4,00					0,00
3 6: 4,00					3,00					3,00
3 7: 8,00					8,00					6,00
3 8: 7,00					7,00					6,00
3 9: 12,00					13,00					10,00
3 10: 52,25					50,92					50,33
3 11: 5,25					4,92					5,33
3 12: 47,00					46,00					45,00
3 13: 45,25					43,92					43,33
4 0: 36,00					96,00					240,00
4 1: -24,00					0,00					-144,00
4 2: 12,00					12,00					0,00
4 3: 3,00					3,00					1,50
4 4: 9,00					9,00					12,00
4 5: 0,00					0,00					0,00
4 6: 600,00					450,00					0,00
4 7: 3,75					0,00					0,00
4 8: 2,25					3,00					2,25
4 9: 0,00					30,00					22,50
4 10: 0,00					0,00					150,00
4 11: 2,25					3,00					3,00
4 12: 93,75					75,00					112,50
4 13: 37,50					37,50					67,50
4 14: 60,00					52,50					45,00
5 0: 8,00					20,00					12,00
5 1: -8,00					-20,00					12,00
5 2: 4,00					0,00					0,00
5 3: 2,67					1,33					1,33
5 4: 2,00					4,00					4,00
5 5: 4,00					0,00					0,00
5 6: 266,67					266,67					0,00
5 7: 2,67					0,00					0,00
5 8: 0,00					1,33					2,67
5 9: 0,00					0,00					0,00
5 10: 0,00					0,00					0,00
5 11: 0,00					0,00					1,33
5 12: 33,33					66,67					0,00
5 13: 0,00					13,33					13,33
5 14: 40,00					26,67					13,33
6 0: 16,53					19,04					20,76
6 1: 0,00					-0,64					0,00
6 2: 6,03					4,34					6,42
6 3: 0,13					0,14					0,13
6 4: 0,52					0,62					0,50
6 5: 0,00					0,00					0,00
6 6: 6,94					5,93					5,84
6 7: 0,01					0,00					0,00
6 8: 0,29					0,30					0,27
6 9: 1,62					1,52					1,43
6 10: 0,44					4,15					1,05
6 11: 0,19					0,19					0,14
6 12: 4,70					5,06					7,12
6 13: 4,67					4,67					4,77
6 14: 2,38					2,42					2,35
7 0: 16,00					12,00					20,00
7 1: 8,00					4,00					12,00
7 2: 16,00					20,00					8,00
7 3: 4,00					0,00					12,00
7 4: 4,00					4,00					8,00
7 5: 12,00					28,00					4,00
7 6: 8,00					0,00					4,00
7 7: 0,94					0,71					0,47
7 8: 8,00					8,00					20,00
7 9: 0,00					0,00					0,00
7 10: 4,00					0,00					4,00
7 11: 18,59					18,12					18,35
7 12: 0,00					0,00					235,29
8 0: 0,00					0,00					0,00
8 1: 0,00					4,00					0,00
8 2: 4,00					4,00					12,00
8 3: 4,00					4,00					4,00
8 4: 4,00					0,00					0,00
8 5: 4,00					4,00					0,00
8 6: 0,00					0,00					0,00
8 7: 0,00					0,00					1,00
8 8: 16,00					16,00					6,00
8 9: 0,00					0,00					0,00
8 10: 4,00					4,00					0,00
8 11: 12,00					12,00					12,00
8 12: 0,00					0,00					1000,00
9 0: 0,00					0,00					0,00
9 1: 0,00					0,00					0,00
9 2: 0,00					0,00					0,00
9 3: 0,00					0,00					0,00
9 4: 0,00					0,00					0,00
9 5: 0,00					0,00					0,00
9 6: 0,00					0,00					0,00
9 7: 0,00					0,00					0,00
9 8: 0,00					0,00					0,00
9 9: 0,00					0,00					0,00
9 10: 0,00					0,00					0,00
9 11: 0,00					0,00					0,00
9 12: 0,00					0,00					0,00
